
obj/kern/kernel:     формат файла elf32-i386

Содержимое раздела .stab:

Symnum n_type n_othr n_desc n_value  n_strx String

-1     HdrSym 0      1624   000025a8 1     
0      SO     0      0      00100000 1      {standard input}
1      SOL    0      0      0010000c 18     kern/entry.S
2      SLINE  0      44     0010000c 0      
3      SLINE  0      58     00100015 0      
4      SLINE  0      61     0010001a 0      
5      SLINE  0      64     0010001f 0      
6      SLINE  0      67     00100024 0      
7      SLINE  0      77     00100026 0      
8      SLINE  0      78     0010002c 0      
9      SLINE  0      79     00100032 0      
10     SLINE  0      80     00100038 0      
11     SLINE  0      81     0010003e 0      
12     SLINE  0      82     00100043 0      
13     SLINE  0      83     00100048 0      
14     SLINE  0      84     0010004a 0      
15     SLINE  0      85     00100050 0      
16     SLINE  0      86     00100051 0      
17     SLINE  0      87     00100053 0      
18     SLINE  0      88     00100059 0      
19     SLINE  0      89     0010005b 0      
20     SLINE  0      90     0010005d 0      
21     SLINE  0      91     0010005e 0      
22     SLINE  0      92     0010005f 0      
23     SLINE  0      93     00100060 0      
24     SLINE  0      94     00100061 0      
25     SLINE  0      95     00100062 0      
26     SLINE  0      96     00100063 0      
27     SLINE  0      97     00100069 0      
28     SLINE  0      98     0010006f 0      
29     SLINE  0      99     00100070 0      
30     SLINE  0      100    00100071 0      
31     SLINE  0      101    00100072 0      
32     SLINE  0      102    00100078 0      
33     FUN    0      0      00100079 31     sys_yield:
34     SLINE  0      108    00100079 0      
35     SLINE  0      109    0010007e 0      
36     SLINE  0      110    00100083 0      
37     FUN    0      0      00100085 42     sys_exit:
38     SLINE  0      117    00100085 0      
39     SLINE  0      118    0010008a 0      
40     SLINE  0      119    0010008f 0      
41     SLINE  0      120    00100094 0      
42     SO     0      2      00100096 52     kern/init.c
43     OPT    0      0      00000000 64     gcc2_compiled.
44     LSYM   0      0      00000000 79     int:t(0,1)=r(0,1);-2147483648;2147483647;
45     LSYM   0      0      00000000 121    char:t(0,2)=r(0,2);0;127;
46     LSYM   0      0      00000000 147    long int:t(0,3)=r(0,3);-2147483648;2147483647;
47     LSYM   0      0      00000000 194    unsigned int:t(0,4)=r(0,4);0;4294967295;
48     LSYM   0      0      00000000 235    long unsigned int:t(0,5)=r(0,5);0;4294967295;
49     LSYM   0      0      00000000 281    __int128:t(0,6)=r(0,6);0;-1;
50     LSYM   0      0      00000000 310    __int128 unsigned:t(0,7)=r(0,7);0;-1;
51     LSYM   0      0      00000000 348    long long int:t(0,8)=r(0,8);-0;4294967295;
52     LSYM   0      0      00000000 391    long long unsigned int:t(0,9)=r(0,9);0;-1;
53     LSYM   0      0      00000000 434    short int:t(0,10)=r(0,10);-32768;32767;
54     LSYM   0      0      00000000 474    short unsigned int:t(0,11)=r(0,11);0;65535;
55     LSYM   0      0      00000000 518    signed char:t(0,12)=r(0,12);-128;127;
56     LSYM   0      0      00000000 556    unsigned char:t(0,13)=r(0,13);0;255;
57     LSYM   0      0      00000000 593    float:t(0,14)=r(0,1);4;0;
58     LSYM   0      0      00000000 619    double:t(0,15)=r(0,1);8;0;
59     LSYM   0      0      00000000 646    long double:t(0,16)=r(0,1);12;0;
60     LSYM   0      0      00000000 679    _Decimal32:t(0,17)=r(0,1);4;0;
61     LSYM   0      0      00000000 710    _Decimal64:t(0,18)=r(0,1);8;0;
62     LSYM   0      0      00000000 741    _Decimal128:t(0,19)=r(0,1);16;0;
63     LSYM   0      0      00000000 774    void:t(0,20)=(0,20)
64     BINCL  0      0      00000000 794    ./inc/stdio.h
65     BINCL  0      0      00000650 808    ./inc/stdarg.h
66     LSYM   0      0      00000000 823    va_list:t(2,1)=(2,2)=*(0,2)
67     EINCL  0      0      00000000 0      
68     EINCL  0      0      00000000 0      
69     BINCL  0      0      00000000 851    ./inc/string.h
70     BINCL  0      0      000060d4 866    ./inc/types.h
71     LSYM   0      0      00000000 880    bool:t(4,1)=(4,2)=eFalse:0,True:1,;
72     LSYM   0      0      00000000 916     :T(4,3)=efalse:0,true:1,;
73     LSYM   0      0      00000000 943    int8_t:t(4,4)=(0,12)
74     LSYM   0      0      00000000 964    uint8_t:t(4,5)=(0,13)
75     LSYM   0      0      00000000 986    int16_t:t(4,6)=(0,10)
76     LSYM   0      0      00000000 1008   uint16_t:t(4,7)=(0,11)
77     LSYM   0      0      00000000 1031   int32_t:t(4,8)=(0,1)
78     LSYM   0      0      00000000 1052   uint32_t:t(4,9)=(0,4)
79     LSYM   0      0      00000000 1074   int64_t:t(4,10)=(0,8)
80     LSYM   0      0      00000000 1096   uint64_t:t(4,11)=(0,9)
81     LSYM   0      0      00000000 1119   intptr_t:t(4,12)=(4,8)
82     LSYM   0      0      00000000 1142   uintptr_t:t(4,13)=(4,9)
83     LSYM   0      0      00000000 1166   physaddr_t:t(4,14)=(4,9)
84     LSYM   0      0      00000000 1191   ppn_t:t(4,15)=(4,9)
85     LSYM   0      0      00000000 1211   size_t:t(4,16)=(4,9)
86     LSYM   0      0      00000000 1232   ssize_t:t(4,17)=(4,8)
87     LSYM   0      0      00000000 1254   off_t:t(4,18)=(4,8)
88     EINCL  0      0      00000000 0      
89     EINCL  0      0      00000000 0      
90     BINCL  0      0      00000000 1274   ./kern/env.h
91     BINCL  0      0      00005e03 1287   ./inc/env.h
92     BINCL  0      0      0000af73 1299   ./inc/trap.h
93     LSYM   0      0      00000000 1312   PushRegs:T(7,1)=s32reg_edi:(4,9),0,32;reg_esi:(4,9),32,32;reg_ebp:(4,9),64,32;reg_oesp:(4,9),96,32;reg_ebx:(4,9),128,32;reg_edx:(4,9),160,32;reg_ecx:(4,9),192,32;reg_eax:(4,9),224,32;;
94     LSYM   0      0      00000000 1497   Trapframe:T(7,2)=s68tf_regs:(7,1),0,256;tf_es:(4,7),256,16;tf_padding1:(4,7),272,16;tf_ds:(4,7),288,16;tf_padding2:(4,7),304,16;tf_trapno:(4,9),320,32;tf_err:(4,9),352,32;tf_eip:(4,13),384,32;tf_cs:(4,7),416,16;tf_padding3:(4,7),432,16;tf_eflags:(4,9),448,32;tf_esp:(4,13),480,32;tf_ss:(4,7),512,16;tf_padding4:(4,7),528,16;;
95     LSYM   0      0      00000000 1823   UTrapframe:T(7,3)=s52utf_fault_va:(4,9),0,32;utf_err:(4,9),32,32;utf_regs:(7,1),64,256;utf_eip:(4,13),320,32;utf_eflags:(4,9),352,32;utf_esp:(4,13),384,32;;
96     EINCL  0      0      00000000 0      
97     BINCL  0      0      000008c7 1980   ./inc/memlayout.h
98     BINCL  0      0      000159c2 1998   ./inc/mmu.h
99     LSYM   0      0      00000000 2010   Segdesc:T(9,1)=s8sd_lim_15_0:(0,4),0,16;sd_base_15_0:(0,4),16,16;sd_base_23_16:(0,4),32,8;sd_type:(0,4),40,4;sd_s:(0,4),44,1;sd_dpl:(0,4),45,2;sd_p:(0,4),47,1;sd_lim_19_16:(0,4),48,4;sd_avl:(0,4),52,1;sd_rsv1:(0,4),53,1;sd_db:(0,4),54,1;sd_g:(0,4),55,1;sd_base_31_24:(0,4),56,8;;
100    LSYM   0      0      00000000 2290   Taskstate:T(9,2)=s104ts_link:(4,9),0,32;ts_esp0:(4,13),32,32;ts_ss0:(4,7),64,16;ts_padding1:(4,7),80,16;ts_esp1:(4,13),96,32;ts_ss1:(4,7),128,16;ts_padding2:(4,7),144,16;ts_esp2:(4,13),160,32;ts_ss2:(4,7),192,16;ts_padding3:(4,7),208,16;ts_cr3:(4,14),224,32;ts_eip:(4,13),256,32;ts_eflags:(4,9),288,32;ts_eax:(4,9),320,32;ts_ecx:(4,9),352,32;ts_edx:(4,9),384,32;ts_ebx:(4,9),416,32;ts_esp:(4,13),448,32;ts_ebp:(4,13),480,32;ts_esi:(4,9),512,32;ts_edi:(4,9),544,32;ts_es:(4,7),576,16;ts_padding4:(4,7),592,16;ts_cs:(4,7),608,16;ts_padding5:(4,7),624,16;ts_ss:(4,7),640,16;ts_padding6:(4,7),656,16;ts_ds:(4,7),672,16;ts_padding7:(4,7),688,16;ts_fs:(4,7),704,16;ts_padding8:(4,7),720,16;ts_gs:(4,7),736,16;ts_padding9:(4,7),752,16;ts_ldt:(4,7),768,16;ts_padding10:(4,7),784,16;ts_t:(4,7),800,16;ts_iomb:(4,7),816,16;;
101    LSYM   0      0      00000000 3105   Gatedesc:T(9,3)=s8gd_off_15_0:(0,4),0,16;gd_sel:(0,4),16,16;gd_args:(0,4),32,5;gd_rsv1:(0,4),37,3;gd_type:(0,4),40,4;gd_s:(0,4),44,1;gd_dpl:(0,4),45,2;gd_p:(0,4),47,1;gd_off_31_16:(0,4),48,16;;
102    LSYM   0      0      00000000 3299   Pseudodesc:T(9,4)=s6pd_lim:(4,7),0,16;pd_base:(4,9),16,32;;
103    EINCL  0      0      00000000 0      
104    LSYM   0      0      00000000 3359   pte_t:t(8,1)=(4,9)
105    LSYM   0      0      00000000 3378   pde_t:t(8,2)=(4,9)
106    EINCL  0      0      00000000 0      
107    LSYM   0      0      00000000 3397   envid_t:t(6,1)=(4,8)
108    LSYM   0      0      00000000 3418    :T(6,2)=eENV_FREE:0,ENV_DYING:1,ENV_RUNNABLE:2,ENV_RUNNING:3,ENV_NOT_RUNNABLE:4,;
109    LSYM   0      0      00000000 3501   EnvType:T(6,3)=eENV_TYPE_IDLE:0,ENV_TYPE_KERNEL:1,ENV_TYPE_USER:2,;
110    LSYM   0      0      00000000 3569   Env:T(6,4)=s92env_tf:(7,2),0,544;env_link:(6,5)=*(6,4),544,32;env_id:(6,1),576,32;env_parent_id:(6,1),608,32;env_type:(6,3),640,32;env_status:(0,4),672,32;env_runs:(4,9),704,32;;
111    EINCL  0      0      00000000 0      
112    EINCL  0      0      00000000 0      
113    FUN    0      0      00100096 3748   i386_init:F(0,20)
114    SLINE  0      16     00000000 0      
115    SLINE  0      22     00000006 0      
116    SLINE  0      26     0000001d 0      
117    SLINE  0      28     00000022 0      
118    SLINE  0      29     00000034 0      
119    SLINE  0      32     00000046 0      
120    SLINE  0      36     0000004b 0      
121    SLINE  0      37     0000005f 0      
122    SLINE  0      38     00000073 0      
123    SLINE  0      42     00000087 0      
124    FUN    0      0      00100122 3766   _panic:F(0,20)
125    PSYM   0      0      00000008 3781   file:p(0,21)=*(0,2)
126    PSYM   0      0      0000000c 3801   line:p(0,1)
127    PSYM   0      0      00000010 3813   fmt:p(0,21)
128    SLINE  0      58     00000000 0      
129    SLINE  0      61     00000008 0      
130    SLINE  0      63     00000011 0      
131    SLINE  0      66     00000017 0      
132    SLINE  0      68     00000019 0      
133    SLINE  0      69     0000001c 0      
134    SLINE  0      70     0000002f 0      
135    SLINE  0      71     00000039 0      
136    SLINE  0      72     00000045 0      
137    SLINE  0      77     00000048 0      
138    RSYM   0      0      00000006 3825   fmt:r(0,21)
139    FUN    0      0      00100179 3837   _warn:F(0,20)
140    PSYM   0      0      00000008 3851   file:p(0,21)
141    PSYM   0      0      0000000c 3801   line:p(0,1)
142    PSYM   0      0      00000010 3813   fmt:p(0,21)
143    SLINE  0      83     00000000 0      
144    SLINE  0      86     00000007 0      
145    SLINE  0      87     0000000a 0      
146    SLINE  0      88     0000001a 0      
147    SLINE  0      89     00000026 0      
148    SLINE  0      91     00000032 0      
149    GSYM   0      0      00000000 3864   panicstr:G(0,21)
150    SO     0      0      001001b3 0      
151    SO     0      2      001001b3 3881   kern/console.c
152    OPT    0      0      00000000 64     gcc2_compiled.
153    LSYM   0      0      00000000 79     int:t(0,1)=r(0,1);-2147483648;2147483647;
154    LSYM   0      0      00000000 121    char:t(0,2)=r(0,2);0;127;
155    LSYM   0      0      00000000 147    long int:t(0,3)=r(0,3);-2147483648;2147483647;
156    LSYM   0      0      00000000 194    unsigned int:t(0,4)=r(0,4);0;4294967295;
157    LSYM   0      0      00000000 235    long unsigned int:t(0,5)=r(0,5);0;4294967295;
158    LSYM   0      0      00000000 281    __int128:t(0,6)=r(0,6);0;-1;
159    LSYM   0      0      00000000 310    __int128 unsigned:t(0,7)=r(0,7);0;-1;
160    LSYM   0      0      00000000 348    long long int:t(0,8)=r(0,8);-0;4294967295;
161    LSYM   0      0      00000000 391    long long unsigned int:t(0,9)=r(0,9);0;-1;
162    LSYM   0      0      00000000 434    short int:t(0,10)=r(0,10);-32768;32767;
163    LSYM   0      0      00000000 474    short unsigned int:t(0,11)=r(0,11);0;65535;
164    LSYM   0      0      00000000 518    signed char:t(0,12)=r(0,12);-128;127;
165    LSYM   0      0      00000000 556    unsigned char:t(0,13)=r(0,13);0;255;
166    LSYM   0      0      00000000 593    float:t(0,14)=r(0,1);4;0;
167    LSYM   0      0      00000000 619    double:t(0,15)=r(0,1);8;0;
168    LSYM   0      0      00000000 646    long double:t(0,16)=r(0,1);12;0;
169    LSYM   0      0      00000000 679    _Decimal32:t(0,17)=r(0,1);4;0;
170    LSYM   0      0      00000000 710    _Decimal64:t(0,18)=r(0,1);8;0;
171    LSYM   0      0      00000000 741    _Decimal128:t(0,19)=r(0,1);16;0;
172    LSYM   0      0      00000000 774    void:t(0,20)=(0,20)
173    BINCL  0      0      00000000 3896   ./inc/x86.h
174    EXCL   0      0      000060d4 866    ./inc/types.h
175    EINCL  0      0      00000000 0      
176    EXCL   0      0      000008c7 1980   ./inc/memlayout.h
177    EXCL   0      0      000159c2 1998   ./inc/mmu.h
178    BINCL  0      0      00000000 3908   ./inc/assert.h
179    EXCL   0      0      00000000 794    ./inc/stdio.h
180    EXCL   0      0      00000650 808    ./inc/stdarg.h
181    EINCL  0      0      00000000 0      
182    FUN    0      0      001001b3 3923   serial_proc_data:f(0,1)
183    SLINE  0      52     00000000 0      
184    SOL    0      0      001001b6 3896   ./inc/x86.h
185    SLINE  0      48     00000003 0      
186    SOL    0      0      001001bc 3881   kern/console.c
187    SLINE  0      53     00000009 0      
188    SOL    0      0      001001c0 3896   ./inc/x86.h
189    SLINE  0      48     0000000d 0      
190    SOL    0      0      001001c6 3881   kern/console.c
191    SLINE  0      55     00000013 0      
192    SLINE  0      54     00000018 0      
193    SLINE  0      56     0000001d 0      
194    FUN    0      0      001001d2 3947   cons_intr:f(0,20)
195    RSYM   0      0      00000003 3965   proc:P(0,21)=*(0,22)=f(0,1)
196    SLINE  0      393    00000000 0      
197    SLINE  0      396    00000009 0      
198    SLINE  0      397    0000000b 0      
199    SLINE  0      399    0000000f 0      
200    SLINE  0      400    00000024 0      
201    SLINE  0      401    0000002c 0      
202    SLINE  0      396    00000036 0      
203    SLINE  0      403    0000003d 0      
204    RSYM   0      0      00000000 3993   c:r(0,1)
205    LBRAC  0      0      00000000 0      
206    RBRAC  0      0      00000043 0      
207    FUN    0      0      00100215 4002   kbd_proc_data:f(0,1)
208    SLINE  0      317    00000000 0      
209    SOL    0      0      00100215 3896   ./inc/x86.h
210    SLINE  0      48     00000000 0      
211    SOL    0      0      0010021b 3881   kern/console.c
212    SLINE  0      322    00000006 0      
213    SOL    0      0      00100223 3896   ./inc/x86.h
214    SLINE  0      48     0000000e 0      
215    SOL    0      0      0010022b 3881   kern/console.c
216    SLINE  0      327    00000016 0      
217    SLINE  0      329    0000001a 0      
218    SLINE  0      330    00000021 0      
219    SLINE  0      361    00000026 0      
220    SLINE  0      317    00000027 0      
221    SLINE  0      331    0000002e 0      
222    SLINE  0      333    00000032 0      
223    SLINE  0      334    00000045 0      
224    SLINE  0      335    0000005e 0      
225    SLINE  0      336    00000068 0      
226    SLINE  0      338    00000073 0      
227    SLINE  0      339    00000078 0      
228    SLINE  0      342    00000081 0      
229    SLINE  0      343    00000084 0      
230    SLINE  0      345    0000009f 0      
231    SLINE  0      346    000000b2 0      
232    SLINE  0      347    000000b6 0      
233    SLINE  0      348    000000c0 0      
234    SLINE  0      349    000000c5 0      
235    SLINE  0      350    000000c8 0      
236    SLINE  0      355    000000d1 0      
237    SLINE  0      356    000000df 0      
238    SOL    0      0      00100301 3896   ./inc/x86.h
239    SLINE  0      98     000000ec 0      
240    SOL    0      0      0010030f 3881   kern/console.c
241    SLINE  0      360    000000fa 0      
242    SLINE  0      323    000000fe 0      
243    SLINE  0      360    00000104 0      
244    SLINE  0      361    00000106 0      
245    RSYM   0      0      00000003 3993   c:r(0,1)
246    RSYM   0      0      00000002 4023   data:r(2,5)
247    LCSYM  0      0      0011e240 4035   shift:V(2,9)
248    LBRAC  0      0      00000000 0      
249    RBRAC  0      0      0000010b 0      
250    FUN    0      0      00100320 4048   cons_putc:f(0,20)
251    RSYM   0      0      00000007 4066   c:P(0,1)
252    SLINE  0      430    00000000 0      
253    SLINE  0      70     0000000b 0      
254    SOL    0      0      00100330 3896   ./inc/x86.h
255    SLINE  0      48     00000010 0      
256    SOL    0      0      00100342 3881   kern/console.c
257    SLINE  0      72     00000022 0      
258    SOL    0      0      00100345 3896   ./inc/x86.h
259    SLINE  0      48     00000025 0      
260    SOL    0      0      00100348 3881   kern/console.c
261    SLINE  0      71     00000028 0      
262    SOL    0      0      00100359 3896   ./inc/x86.h
263    SLINE  0      98     00000039 0      
264    SOL    0      0      0010035f 3881   kern/console.c
265    SLINE  0      116    0000003f 0      
266    SOL    0      0      00100364 3896   ./inc/x86.h
267    SLINE  0      48     00000044 0      
268    SOL    0      0      00100376 3881   kern/console.c
269    SLINE  0      116    00000056 0      
270    SOL    0      0      00100379 3896   ./inc/x86.h
271    SLINE  0      48     00000059 0      
272    SOL    0      0      0010037c 3881   kern/console.c
273    SLINE  0      116    0000005c 0      
274    SOL    0      0      00100388 3896   ./inc/x86.h
275    SLINE  0      98     00000068 0      
276    SOL    0      0      001003a3 3881   kern/console.c
277    SLINE  0      166    00000083 0      
278    SLINE  0      167    0000008b 0      
279    SLINE  0      169    00000095 0      
280    SLINE  0      171    000000bd 0      
281    SLINE  0      172    000000cd 0      
282    SLINE  0      173    000000d6 0      
283    SLINE  0      177    000000ed 0      
284    SLINE  0      180    000000f5 0      
285    SLINE  0      183    00000113 0      
286    SLINE  0      184    0000011d 0      
287    SLINE  0      185    00000127 0      
288    SLINE  0      186    00000131 0      
289    SLINE  0      187    0000013b 0      
290    SLINE  0      190    00000147 0      
291    SLINE  0      195    00000165 0      
292    SLINE  0      198    00000170 0      
293    SLINE  0      200    0000018a 0      
294    SLINE  0      199    000001a7 0      
295    SLINE  0      201    000001ab 0      
296    SLINE  0      205    000001b3 0      
297    SOL    0      0      001004d9 3896   ./inc/x86.h
298    SLINE  0      98     000001b9 0      
299    SOL    0      0      001004e1 3881   kern/console.c
300    SLINE  0      206    000001c1 0      
301    SOL    0      0      001004eb 3896   ./inc/x86.h
302    SLINE  0      98     000001cb 0      
303    SOL    0      0      00100501 3881   kern/console.c
304    SLINE  0      434    000001e1 0      
305    RSYM   0      0      00000003 4075   i:r(0,1)
306    LBRAC  0      0      0000000b 0      
307    RBRAC  0      0      0000003f 0      
308    RSYM   0      0      00000003 4075   i:r(0,1)
309    LBRAC  0      0      0000003f 0      
310    RBRAC  0      0      00000083 0      
311    FUN    0      0      00100509 4084   serial_intr:F(0,20)
312    SLINE  0      60     00000000 0      
313    SLINE  0      61     00000000 0      
314    SLINE  0      60     00000009 0      
315    SLINE  0      62     0000000f 0      
316    SLINE  0      63     00000019 0      
317    FUN    0      0      00100525 4104   kbd_intr:F(0,20)
318    SLINE  0      365    00000000 0      
319    SLINE  0      366    00000006 0      
320    SLINE  0      367    00000010 0      
321    FUN    0      0      00100537 4121   cons_getc:F(0,1)
322    SLINE  0      408    00000000 0      
323    SLINE  0      414    00000006 0      
324    SLINE  0      415    0000000b 0      
325    SLINE  0      418    00000010 0      
326    SLINE  0      419    0000001d 0      
327    SLINE  0      422    0000002d 0      
328    SLINE  0      420    0000002f 0      
329    SLINE  0      421    00000037 0      
330    SLINE  0      424    00000043 0      
331    SLINE  0      425    00000048 0      
332    RSYM   0      0      00000001 3993   c:r(0,1)
333    LBRAC  0      0      00000000 0      
334    RBRAC  0      0      0000004a 0      
335    FUN    0      0      00100581 4138   cons_init:F(0,20)
336    SLINE  0      439    00000000 0      
337    SLINE  0      140    00000009 0      
338    SLINE  0      141    00000010 0      
339    SLINE  0      142    00000019 0      
340    SLINE  0      144    00000026 0      
341    SLINE  0      143    00000030 0      
342    SLINE  0      146    00000037 0      
343    SLINE  0      147    0000003e 0      
344    SLINE  0      139    00000048 0      
345    SLINE  0      151    0000004d 0      
346    SOL    0      0      001005d4 3896   ./inc/x86.h
347    SLINE  0      98     00000053 0      
348    SOL    0      0      001005dc 3881   kern/console.c
349    SLINE  0      152    0000005b 0      
350    SOL    0      0      001005df 3896   ./inc/x86.h
351    SLINE  0      48     0000005e 0      
352    SOL    0      0      001005e2 3881   kern/console.c
353    SLINE  0      152    00000061 0      
354    SOL    0      0      001005e8 3896   ./inc/x86.h
355    SLINE  0      98     00000067 0      
356    SLINE  0      48     0000006f 0      
357    SOL    0      0      001005f3 3881   kern/console.c
358    SLINE  0      156    00000072 0      
359    SLINE  0      157    00000078 0      
360    SOL    0      0      00100604 3896   ./inc/x86.h
361    SLINE  0      98     00000083 0      
362    SLINE  0      48     000000d4 0      
363    SOL    0      0      0010065d 3881   kern/console.c
364    SLINE  0      99     000000dc 0      
365    SOL    0      0      00100666 3896   ./inc/x86.h
366    SLINE  0      48     000000e5 0      
367    SOL    0      0      0010066c 3881   kern/console.c
368    SLINE  0      444    000000eb 0      
369    SLINE  0      445    000000f0 0      
370    SLINE  0      446    00000100 0      
371    RSYM   0      0      00000006 4156   cp:r(0,23)=*(2,7)
372    RSYM   0      0      00000002 4174   was:r(2,7)
373    LBRAC  0      0      00000009 0      
374    RBRAC  0      0      00000083 0      
375    FUN    0      0      00100689 4185   cputchar:F(0,20)
376    PSYM   0      0      00000008 4202   c:p(0,1)
377    SLINE  0      453    00000000 0      
378    SLINE  0      454    00000006 0      
379    SLINE  0      455    0000000e 0      
380    FUN    0      0      00100699 4211   getchar:F(0,1)
381    SLINE  0      459    00000000 0      
382    SLINE  0      462    00000006 0      
383    SLINE  0      465    0000000f 0      
384    RSYM   0      0      00000000 3993   c:r(0,1)
385    LBRAC  0      0      00000000 0      
386    RBRAC  0      0      00000011 0      
387    FUN    0      0      001006aa 4226   iscons:F(0,1)
388    PSYM   0      0      00000008 4240   fdnum:p(0,1)
389    SLINE  0      469    00000000 0      
390    SLINE  0      472    00000003 0      
391    LCSYM  0      0      0011e474 4253   serial_exists:S(2,1)
392    LCSYM  0      0      0011e470 4274   addr_6845:S(0,4)
393    LCSYM  0      0      0011e46c 4291   crt_buf:S(0,24)=*(2,7)
394    LCSYM  0      0      0011e468 4314   crt_pos:S(2,7)
395    STSYM  0      0      00102b60 4329   shiftcode:S(0,25)=ar(0,26)=r(0,26);0;4294967295;;0;255;(2,5)
396    STSYM  0      0      00102a60 4390   togglecode:S(0,25)
397    STSYM  0      0      00113200 4409   normalmap:S(0,25)
398    STSYM  0      0      00113100 4427   shiftmap:S(0,25)
399    STSYM  0      0      00113000 4444   ctlmap:S(0,25)
400    STSYM  0      0      00102a40 4459   charcode:S(0,27)=ar(0,26);0;3;(0,28)=*(2,5)
401    LCSYM  0      0      0011e260 4503   cons:S(0,29)=s520buf:(0,30)=ar(0,26);0;511;(2,5),0,4096;rpos:(2,9),4096,32;wpos:(2,9),4128,32;;
402    SO     0      0      001006b4 0      
403    SO     0      2      001006b4 4599   kern/monitor.c
404    OPT    0      0      00000000 64     gcc2_compiled.
405    LSYM   0      0      00000000 79     int:t(0,1)=r(0,1);-2147483648;2147483647;
406    LSYM   0      0      00000000 121    char:t(0,2)=r(0,2);0;127;
407    LSYM   0      0      00000000 147    long int:t(0,3)=r(0,3);-2147483648;2147483647;
408    LSYM   0      0      00000000 194    unsigned int:t(0,4)=r(0,4);0;4294967295;
409    LSYM   0      0      00000000 235    long unsigned int:t(0,5)=r(0,5);0;4294967295;
410    LSYM   0      0      00000000 281    __int128:t(0,6)=r(0,6);0;-1;
411    LSYM   0      0      00000000 310    __int128 unsigned:t(0,7)=r(0,7);0;-1;
412    LSYM   0      0      00000000 348    long long int:t(0,8)=r(0,8);-0;4294967295;
413    LSYM   0      0      00000000 391    long long unsigned int:t(0,9)=r(0,9);0;-1;
414    LSYM   0      0      00000000 434    short int:t(0,10)=r(0,10);-32768;32767;
415    LSYM   0      0      00000000 474    short unsigned int:t(0,11)=r(0,11);0;65535;
416    LSYM   0      0      00000000 518    signed char:t(0,12)=r(0,12);-128;127;
417    LSYM   0      0      00000000 556    unsigned char:t(0,13)=r(0,13);0;255;
418    LSYM   0      0      00000000 593    float:t(0,14)=r(0,1);4;0;
419    LSYM   0      0      00000000 619    double:t(0,15)=r(0,1);8;0;
420    LSYM   0      0      00000000 646    long double:t(0,16)=r(0,1);12;0;
421    LSYM   0      0      00000000 679    _Decimal32:t(0,17)=r(0,1);4;0;
422    LSYM   0      0      00000000 710    _Decimal64:t(0,18)=r(0,1);8;0;
423    LSYM   0      0      00000000 741    _Decimal128:t(0,19)=r(0,1);16;0;
424    LSYM   0      0      00000000 774    void:t(0,20)=(0,20)
425    EXCL   0      0      00000000 794    ./inc/stdio.h
426    EXCL   0      0      00000650 808    ./inc/stdarg.h
427    EXCL   0      0      00000000 851    ./inc/string.h
428    EXCL   0      0      000060d4 866    ./inc/types.h
429    EXCL   0      0      000008c7 1980   ./inc/memlayout.h
430    EXCL   0      0      000159c2 1998   ./inc/mmu.h
431    BINCL  0      0      0000300f 4614   ./kern/kdebug.h
432    LSYM   0      0      00000000 4630   Eipdebuginfo:T(7,1)=s24eip_file:(7,2)=*(0,2),0,32;eip_line:(0,1),32,32;eip_fn_name:(7,2),64,32;eip_fn_namelen:(0,1),96,32;eip_fn_addr:(4,13),128,32;eip_fn_narg:(0,1),160,32;;
433    EINCL  0      0      00000000 0      
434    LSYM   0      0      00000000 4805   Command:T(0,21)=s12name:(7,2),0,32;desc:(7,2),32,32;func:(0,22)=*(0,23)=f(0,1),64,32;;
435    FUN    0      0      001006b4 4892   mon_hello:F(0,1)
436    PSYM   0      0      00000008 4909   argc:p(0,1)
437    PSYM   0      0      0000000c 4921   argv:p(0,24)=*(2,2)
438    PSYM   0      0      00000010 4941   tf:p(0,25)=*(0,26)=xsTrapframe:
439    SLINE  0      36     00000000 0      
440    SLINE  0      37     00000006 0      
441    SLINE  0      39     00000010 0      
442    FUN    0      0      001006cb 4973   mon_help:F(0,1)
443    PSYM   0      0      00000008 4909   argc:p(0,1)
444    PSYM   0      0      0000000c 4989   argv:p(0,24)
445    PSYM   0      0      00000010 5002   tf:p(0,25)
446    SLINE  0      43     00000000 0      
447    SLINE  0      45     0000000a 0      
448    SLINE  0      46     0000000f 0      
449    SLINE  0      45     00000025 0      
450    SLINE  0      48     0000002d 0      
451    RSYM   0      0      00000003 4075   i:r(0,1)
452    LBRAC  0      0      00000000 0      
453    RBRAC  0      0      00000039 0      
454    FUN    0      0      00100704 5013   mon_kerninfo:F(0,1)
455    PSYM   0      0      00000008 4909   argc:p(0,1)
456    PSYM   0      0      0000000c 4989   argv:p(0,24)
457    PSYM   0      0      00000010 5002   tf:p(0,25)
458    SLINE  0      52     00000000 0      
459    SLINE  0      54     00000006 0      
460    SLINE  0      55     00000010 0      
461    SLINE  0      56     00000022 0      
462    SLINE  0      58     00000039 0      
463    SLINE  0      60     00000050 0      
464    SLINE  0      62     00000067 0      
465    SLINE  0      65     0000007e 0      
466    SLINE  0      64     00000088 0      
467    SLINE  0      67     000000a9 0      
468    RSYM   0      0      00000000 5033   __a:r(4,9)
469    LBRAC  0      0      0000007e 0      
470    RBRAC  0      0      00000088 0      
471    FUN    0      0      001007b4 5044   mon_backtrace:F(0,1)
472    PSYM   0      0      00000008 4909   argc:p(0,1)
473    PSYM   0      0      0000000c 4989   argv:p(0,24)
474    PSYM   0      0      00000010 5002   tf:p(0,25)
475    SLINE  0      71     00000000 0      
476    SOL    0      0      001007bd 3896   ./inc/x86.h
477    SLINE  0      246    00000009 0      
478    SOL    0      0      001007bf 4599   kern/monitor.c
479    SLINE  0      75     0000000b 0      
480    SLINE  0      76     00000015 0      
481    SLINE  0      85     00000018 0      
482    SLINE  0      76     0000001b 0      
483    SLINE  0      79     0000001d 0      
484    SLINE  0      80     00000020 0      
485    SLINE  0      81     00000025 0      
486    SLINE  0      80     0000002d 0      
487    SLINE  0      82     00000035 0      
488    SLINE  0      85     00000050 0      
489    SLINE  0      87     0000005a 0      
490    SLINE  0      89     00000077 0      
491    SLINE  0      76     0000007c 0      
492    SLINE  0      92     00000080 0      
493    RSYM   0      0      00000003 5065   ebp:r(4,9)
494    RSYM   0      0      00000006 5076   eip:r(4,9)
495    LSYM   0      0      ffffffe4 5087   args:(0,27)=ar(0,28)=r(0,28);0;4294967295;;0;4;(4,9)
496    LBRAC  0      0      00000000 0      
497    RSYM   0      0      00000000 4075   i:r(0,1)
498    LSYM   0      0      ffffffcc 5140   info:(7,1)
499    LBRAC  0      0      00000018 0      
500    RBRAC  0      0      0000001b 0      
501    RSYM   0      0      00000000 4075   i:r(0,1)
502    LSYM   0      0      ffffffcc 5140   info:(7,1)
503    LBRAC  0      0      0000001d 0      
504    RBRAC  0      0      0000007c 0      
505    RBRAC  0      0      0000008d 0      
506    FUN    0      0      00100841 5151   monitor:F(0,20)
507    PSYM   0      0      00000008 5002   tf:p(0,25)
508    SLINE  0      142    00000000 0      
509    SLINE  0      144    00000009 0      
510    SLINE  0      145    00000013 0      
511    SLINE  0      147    00000022 0      
512    SLINE  0      148    00000031 0      
513    SLINE  0      110    00000038 0      
514    SLINE  0      109    0000003f 0      
515    SLINE  0      114    00000046 0      
516    SLINE  0      113    00000050 0      
517    SLINE  0      115    0000006f 0      
518    SLINE  0      119    00000074 0      
519    SLINE  0      120    00000079 0      
520    SLINE  0      123    0000008d 0      
521    SLINE  0      125    00000096 0      
522    SLINE  0      124    00000099 0      
523    SLINE  0      127    000000ba 0      
524    SLINE  0      130    000000c2 0      
525    SLINE  0      133    000000cf 0      
526    SLINE  0      134    000000eb 0      
527    SLINE  0      149    00000100 0      
528    SLINE  0      132    0000010c 0      
529    SLINE  0      136    00000114 0      
530    SLINE  0      152    0000012c 0      
531    LSYM   0      0      ffffffb8 5167   argv:(0,29)=ar(0,28);0;15;(2,2)
532    RSYM   0      0      00000003 4075   i:r(0,1)
533    LBRAC  0      0      00000038 0      
534    RBRAC  0      0      00000100 0      
535    LSYM   0      0      ffffffb8 5199   argv:(0,29)
536    RSYM   0      0      00000003 4075   i:r(0,1)
537    LBRAC  0      0      0000010c 0      
538    RBRAC  0      0      0000012c 0      
539    STSYM  0      0      00102f00 5211   commands:S(0,30)=ar(0,28);0;3;(0,21)
540    SO     0      0      00100975 0      
541    SO     0      2      00100975 5248   kern/env.c
542    OPT    0      0      00000000 64     gcc2_compiled.
543    LSYM   0      0      00000000 79     int:t(0,1)=r(0,1);-2147483648;2147483647;
544    LSYM   0      0      00000000 121    char:t(0,2)=r(0,2);0;127;
545    LSYM   0      0      00000000 147    long int:t(0,3)=r(0,3);-2147483648;2147483647;
546    LSYM   0      0      00000000 194    unsigned int:t(0,4)=r(0,4);0;4294967295;
547    LSYM   0      0      00000000 235    long unsigned int:t(0,5)=r(0,5);0;4294967295;
548    LSYM   0      0      00000000 281    __int128:t(0,6)=r(0,6);0;-1;
549    LSYM   0      0      00000000 310    __int128 unsigned:t(0,7)=r(0,7);0;-1;
550    LSYM   0      0      00000000 348    long long int:t(0,8)=r(0,8);-0;4294967295;
551    LSYM   0      0      00000000 391    long long unsigned int:t(0,9)=r(0,9);0;-1;
552    LSYM   0      0      00000000 434    short int:t(0,10)=r(0,10);-32768;32767;
553    LSYM   0      0      00000000 474    short unsigned int:t(0,11)=r(0,11);0;65535;
554    LSYM   0      0      00000000 518    signed char:t(0,12)=r(0,12);-128;127;
555    LSYM   0      0      00000000 556    unsigned char:t(0,13)=r(0,13);0;255;
556    LSYM   0      0      00000000 593    float:t(0,14)=r(0,1);4;0;
557    LSYM   0      0      00000000 619    double:t(0,15)=r(0,1);8;0;
558    LSYM   0      0      00000000 646    long double:t(0,16)=r(0,1);12;0;
559    LSYM   0      0      00000000 679    _Decimal32:t(0,17)=r(0,1);4;0;
560    LSYM   0      0      00000000 710    _Decimal64:t(0,18)=r(0,1);8;0;
561    LSYM   0      0      00000000 741    _Decimal128:t(0,19)=r(0,1);16;0;
562    LSYM   0      0      00000000 774    void:t(0,20)=(0,20)
563    EXCL   0      0      00000000 3896   ./inc/x86.h
564    EXCL   0      0      000060d4 866    ./inc/types.h
565    EXCL   0      0      000159c2 1998   ./inc/mmu.h
566    BINCL  0      0      00001a2c 5259   ./inc/error.h
567    LSYM   0      0      00000000 5273    :T(4,1)=eE_UNSPECIFIED:1,E_BAD_ENV:2,E_INVAL:3,E_NO_MEM:4,E_NO_FREE_ENV:5,E_FAULT:6,MAXERROR:7,;
568    EINCL  0      0      00000000 0      
569    EXCL   0      0      00000000 3908   ./inc/assert.h
570    EXCL   0      0      00000000 794    ./inc/stdio.h
571    EXCL   0      0      00000650 808    ./inc/stdarg.h
572    BINCL  0      0      0000f508 5371   ./inc/elf.h
573    LSYM   0      0      00000000 5383   Elf:T(8,1)=s52e_magic:(2,9),0,32;e_elf:(8,2)=ar(8,3)=r(8,3);0;4294967295;;0;11;(2,5),32,96;e_type:(2,7),128,16;e_machine:(2,7),144,16;e_version:(2,9),160,32;e_entry:(2,9),192,32;e_phoff:(2,9),224,32;e_shoff:(2,9),256,32;e_flags:(2,9),288,32;e_ehsize:(2,7),320,16;e_phentsize:(2,7),336,16;e_phnum:(2,7),352,16;e_shentsize:(2,7),368,16;e_shnum:(2,7),384,16;e_shstrndx:(2,7),400,16;;
574    LSYM   0      0      00000000 5764   Proghdr:T(8,4)=s32p_type:(2,9),0,32;p_offset:(2,9),32,32;p_va:(2,9),64,32;p_pa:(2,9),96,32;p_filesz:(2,9),128,32;p_memsz:(2,9),160,32;p_flags:(2,9),192,32;p_align:(2,9),224,32;;
575    LSYM   0      0      00000000 5942   Secthdr:T(8,5)=s40sh_name:(2,9),0,32;sh_type:(2,9),32,32;sh_flags:(2,9),64,32;sh_addr:(2,9),96,32;sh_offset:(2,9),128,32;sh_size:(2,9),160,32;sh_link:(2,9),192,32;sh_info:(2,9),224,32;sh_addralign:(2,9),256,32;sh_entsize:(2,9),288,32;;
576    LSYM   0      0      00000000 6178   Elf32_Sym:T(8,6)=s16st_name:(2,9),0,32;st_value:(2,9),32,32;st_size:(2,9),64,32;st_info:(0,13),96,8;st_other:(0,13),104,8;st_shndx:(2,7),112,16;;
577    EINCL  0      0      00000000 0      
578    EXCL   0      0      00000000 1274   ./kern/env.h
579    EXCL   0      0      00005e03 1287   ./inc/env.h
580    EXCL   0      0      0000af73 1299   ./inc/trap.h
581    EXCL   0      0      000008c7 1980   ./inc/memlayout.h
582    EXCL   0      0      0000300f 4614   ./kern/kdebug.h
583    FUN    0      0      00100975 6324   envid2env:F(0,1)
584    PSYM   0      0      00000008 6341   envid:p(10,1)
585    PSYM   0      0      0000000c 6355   env_store:p(0,21)=*(10,5)
586    PSYM   0      0      00000010 6381   checkperm:p(0,1)
587    SLINE  0      80     00000000 0      
588    SLINE  0      84     00000009 0      
589    SLINE  0      85     0000000d 0      
590    SLINE  0      86     00000017 0      
591    SLINE  0      94     0000001e 0      
592    SLINE  0      95     0000002c 0      
593    SLINE  0      95     00000032 0      
594    SLINE  0      96     00000037 0      
595    SLINE  0      97     00000040 0      
596    SLINE  0      105    00000047 0      
597    SLINE  0      105    0000004b 0      
598    SLINE  0      105    00000055 0      
599    SLINE  0      106    0000005d 0      
600    SLINE  0      107    00000066 0      
601    SLINE  0      110    0000006d 0      
602    SLINE  0      111    00000072 0      
603    SLINE  0      112    00000077 0      
604    RSYM   0      0      00000000 6398   e:r(10,5)
605    RSYM   0      0      00000002 6408   envid:r(10,1)
606    LBRAC  0      0      00000000 0      
607    RBRAC  0      0      00000079 0      
608    FUN    0      0      001009ee 6422   env_init_percpu:F(0,20)
609    SLINE  0      138    00000000 0      
610    SOL    0      0      001009f1 3896   ./inc/x86.h
611    SLINE  0      155    00000003 0      
612    SOL    0      0      001009f9 5248   kern/env.c
613    SLINE  0      142    0000000b 0      
614    SLINE  0      143    00000012 0      
615    SLINE  0      146    00000014 0      
616    SLINE  0      147    0000001b 0      
617    SLINE  0      148    0000001d 0      
618    SLINE  0      150    0000001f 0      
619    SOL    0      0      00100a14 3896   ./inc/x86.h
620    SLINE  0      161    00000026 0      
621    SOL    0      0      00100a1c 5248   kern/env.c
622    SLINE  0      154    0000002e 0      
623    FUN    0      0      00100a1e 6446   env_init:F(0,20)
624    SLINE  0      122    00000000 0      
625    SLINE  0      126    00000005 0      
626    SLINE  0      126    0000001a 0      
627    SLINE  0      127    00000023 0      
628    SLINE  0      128    0000002a 0      
629    SLINE  0      129    00000030 0      
630    SLINE  0      125    00000032 0      
631    SLINE  0      132    0000003c 0      
632    SLINE  0      133    00000041 0      
633    FUN    0      0      00100a63 6463   env_alloc:F(0,1)
634    PSYM   0      0      00000008 6480   newenv_store:p(0,21)
635    PSYM   0      0      0000000c 6501   parent_id:p(10,1)
636    SLINE  0      166    00000000 0      
637    SLINE  0      170    00000007 0      
638    SLINE  0      175    00000015 0      
639    SLINE  0      176    0000001d 0      
640    SLINE  0      177    00000020 0      
641    SLINE  0      178    00000028 0      
642    SLINE  0      181    0000003e 0      
643    SLINE  0      183    00000044 0      
644    SLINE  0      186    0000004b 0      
645    SLINE  0      187    00000052 0      
646    SLINE  0      193    00000059 0      
647    SLINE  0      204    00000066 0      
648    SLINE  0      205    0000006c 0      
649    SLINE  0      206    00000072 0      
650    SLINE  0      207    00000078 0      
651    SLINE  0      209    0000007e 0      
652    SLINE  0      216    0000009a 0      
653    SLINE  0      217    000000a2 0      
654    SLINE  0      219    000000a7 0      
655    SLINE  0      219    000000b6 0      
656    SLINE  0      219    000000bb 0      
657    SLINE  0      219    000000c0 0      
658    SLINE  0      220    000000cf 0      
659    SLINE  0      171    000000d9 0      
660    SLINE  0      221    000000de 0      
661    RSYM   0      0      00000000 6519   generation:r(2,8)
662    RSYM   0      0      00000003 6398   e:r(10,5)
663    RSYM   0      0      00000000 6537   newenv_store:r(0,21)
664    RSYM   0      0      00000000 6558   parent_id:r(10,1)
665    LBRAC  0      0      00000000 0      
666    RBRAC  0      0      000000e3 0      
667    FUN    0      0      00100b46 6576   env_create:F(0,20)
668    PSYM   0      0      00000008 6595   binary:p(0,22)=*(2,5)
669    PSYM   0      0      0000000c 6617   size:p(2,16)
670    PSYM   0      0      00000010 6630   type:p(10,3)
671    SLINE  0      337    00000000 0      
672    SLINE  0      341    00000009 0      
673    SLINE  0      342    00000014 0      
674    SLINE  0      342    0000001b 0      
675    SLINE  0      343    00000030 0      
676    SLINE  0      310    00000039 0      
677    SLINE  0      311    00000041 0      
678    SLINE  0      315    0000004c 0      
679    SLINE  0      317    00000059 0      
680    SLINE  0      318    0000006c 0      
681    SLINE  0      313    00000086 0      
682    SLINE  0      321    0000008d 0      
683    SLINE  0      229    00000096 0      
684    SLINE  0      230    0000009e 0      
685    SLINE  0      232    000000ab 0      
686    SLINE  0      234    000000bc 0      
687    SLINE  0      233    000000c8 0      
688    SLINE  0      238    000000d4 0      
689    SLINE  0      239    000000ed 0      
690    SLINE  0      241    000000f5 0      
691    SLINE  0      242    0000010e 0      
692    SLINE  0      243    00000119 0      
693    SLINE  0      237    00000122 0      
694    SLINE  0      248    00000132 0      
695    SLINE  0      249    0000013f 0      
696    SLINE  0      250    00000146 0      
697    SLINE  0      247    0000014b 0      
698    SLINE  0      345    00000152 0      
699    RSYM   0      0      00000000 6643   err:r(0,1)
700    LSYM   0      0      fffffff4 6654   e:(10,5)
701    RSYM   0      0      00000000 6663   type:r(10,3)
702    LBRAC  0      0      00000000 0      
703    RSYM   0      0      00000003 6676   ph:r(0,23)=*(8,4)
704    RSYM   0      0      00000006 6694   eph:r(0,23)
705    LBRAC  0      0      00000039 0      
706    RSYM   0      0      00000003 6706   sh:r(0,24)=*(8,5)
707    RSYM   0      0      00000007 6724   strtab:r(7,2)
708    RSYM   0      0      00000006 6738   sym:r(0,25)=*(8,6)
709    RSYM   0      0      00000000 6757   addr:r(2,13)
710    LBRAC  0      0      00000096 0      
711    RBRAC  0      0      00000152 0      
712    RBRAC  0      0      00000152 0      
713    RBRAC  0      0      0000015a 0      
714    FUN    0      0      00100ca0 6770   env_free:F(0,20)
715    PSYM   0      0      00000008 6787   e:p(10,5)
716    SLINE  0      352    00000000 0      
717    SLINE  0      354    0000000a 0      
718    SLINE  0      354    00000016 0      
719    SLINE  0      354    0000001b 0      
720    SLINE  0      354    00000020 0      
721    SLINE  0      357    0000002f 0      
722    SLINE  0      358    00000036 0      
723    SLINE  0      359    0000003e 0      
724    SLINE  0      360    00000044 0      
725    RSYM   0      0      00000003 6398   e:r(10,5)
726    FUN    0      0      00100cec 6797   env_destroy:F(0,20)
727    PSYM   0      0      00000008 6787   e:p(10,5)
728    SLINE  0      369    00000000 0      
729    SLINE  0      371    00000006 0      
730    SLINE  0      373    0000000e 0      
731    FUN    0      0      00100cff 6817   csys_exit:F(0,20)
732    SLINE  0      383    00000000 0      
733    SLINE  0      384    00000006 0      
734    FUN    0      0      00100d10 6835   csys_yield:F(0,20)
735    PSYM   0      0      00000008 6854   tf:p(0,26)=*(11,2)
736    SLINE  0      389    00000000 0      
737    SLINE  0      390    00000006 0      
738    SLINE  0      391    00000016 0      
739    FUN    0      0      00100d2b 6873   env_pop_tf:F(0,20)
740    PSYM   0      0      00000008 6892   tf:p(0,26)
741    SLINE  0      404    00000000 0      
742    SLINE  0      409    00000009 0      
743    SLINE  0      438    0000002b 0      
744    RSYM   0      0      00000000 6903   tf:r(0,26)
745    FUN    0      0      00100d6a 6914   env_run:F(0,20)
746    PSYM   0      0      00000008 6787   e:p(10,5)
747    SLINE  0      449    00000000 0      
748    SLINE  0      451    0000000a 0      
749    SLINE  0      452    00000010 0      
750    SLINE  0      451    00000013 0      
751    SLINE  0      453    0000001d 0      
752    SLINE  0      451    0000002d 0      
753    SLINE  0      473    0000003c 0      
754    SLINE  0      473    00000048 0      
755    SLINE  0      474    0000004e 0      
756    SLINE  0      475    00000055 0      
757    SLINE  0      476    0000005b 0      
758    SLINE  0      477    00000062 0      
759    SLINE  0      479    00000066 0      
760    RSYM   0      0      00000003 6398   e:r(10,5)
761    LCSYM  0      0      0011e47c 6930   env_free_list:S(10,5)
762    GSYM   0      0      00000000 6952   envs:G(10,5)
763    GSYM   0      0      00000000 6965   curenv:G(10,5)
764    GSYM   0      0      00000000 6980   gdt:G(0,27)=ar(8,3);0;5;(3,1)
765    GSYM   0      0      00000000 7010   env_array:G(0,28)=ar(8,3);0;3;(10,4)
766    GSYM   0      0      00000000 7047   gdt_pd:G(3,4)
767    SO     0      0      00100dd9 0      
768    SO     0      2      00100dd9 7061   kern/printf.c
769    OPT    0      0      00000000 64     gcc2_compiled.
770    LSYM   0      0      00000000 79     int:t(0,1)=r(0,1);-2147483648;2147483647;
771    LSYM   0      0      00000000 121    char:t(0,2)=r(0,2);0;127;
772    LSYM   0      0      00000000 147    long int:t(0,3)=r(0,3);-2147483648;2147483647;
773    LSYM   0      0      00000000 194    unsigned int:t(0,4)=r(0,4);0;4294967295;
774    LSYM   0      0      00000000 235    long unsigned int:t(0,5)=r(0,5);0;4294967295;
775    LSYM   0      0      00000000 281    __int128:t(0,6)=r(0,6);0;-1;
776    LSYM   0      0      00000000 310    __int128 unsigned:t(0,7)=r(0,7);0;-1;
777    LSYM   0      0      00000000 348    long long int:t(0,8)=r(0,8);-0;4294967295;
778    LSYM   0      0      00000000 391    long long unsigned int:t(0,9)=r(0,9);0;-1;
779    LSYM   0      0      00000000 434    short int:t(0,10)=r(0,10);-32768;32767;
780    LSYM   0      0      00000000 474    short unsigned int:t(0,11)=r(0,11);0;65535;
781    LSYM   0      0      00000000 518    signed char:t(0,12)=r(0,12);-128;127;
782    LSYM   0      0      00000000 556    unsigned char:t(0,13)=r(0,13);0;255;
783    LSYM   0      0      00000000 593    float:t(0,14)=r(0,1);4;0;
784    LSYM   0      0      00000000 619    double:t(0,15)=r(0,1);8;0;
785    LSYM   0      0      00000000 646    long double:t(0,16)=r(0,1);12;0;
786    LSYM   0      0      00000000 679    _Decimal32:t(0,17)=r(0,1);4;0;
787    LSYM   0      0      00000000 710    _Decimal64:t(0,18)=r(0,1);8;0;
788    LSYM   0      0      00000000 741    _Decimal128:t(0,19)=r(0,1);16;0;
789    LSYM   0      0      00000000 774    void:t(0,20)=(0,20)
790    EXCL   0      0      000060d4 866    ./inc/types.h
791    EXCL   0      0      00000000 794    ./inc/stdio.h
792    EXCL   0      0      00000650 808    ./inc/stdarg.h
793    FUN    0      0      00100dd9 7075   putch:f(0,20)
794    PSYM   0      0      00000008 7089   ch:p(0,1)
795    PSYM   0      0      0000000c 7099   cnt:p(0,21)=*(0,1)
796    SLINE  0      11     00000000 0      
797    SLINE  0      12     0000000a 0      
798    SLINE  0      13     00000012 0      
799    SLINE  0      14     00000015 0      
800    RSYM   0      0      00000003 7118   cnt:r(0,21)
801    FUN    0      0      00100df6 7130   vcprintf:F(0,1)
802    PSYM   0      0      00000008 7146   fmt:p(0,22)=*(0,2)
803    PSYM   0      0      0000000c 7165   ap:p(3,1)
804    SLINE  0      18     00000000 0      
805    SLINE  0      19     00000006 0      
806    SLINE  0      21     0000000d 0      
807    SLINE  0      23     00000021 0      
808    LSYM   0      0      fffffff4 7175   cnt:(0,1)
809    LBRAC  0      0      00000000 0      
810    RBRAC  0      0      00000026 0      
811    FUN    0      0      00100e1c 7185   cprintf:F(0,1)
812    PSYM   0      0      00000008 7200   fmt:p(0,22)
813    SLINE  0      27     00000000 0      
814    SLINE  0      31     00000006 0      
815    SLINE  0      32     00000009 0      
816    SLINE  0      36     00000012 0      
817    RSYM   0      0      00000000 7212   cnt:r(0,1)
818    LBRAC  0      0      00000000 0      
819    RBRAC  0      0      00000014 0      
820    SO     0      0      00100e30 0      
821    SO     0      2      00100e30 7223   kern/sched.c
822    OPT    0      0      00000000 64     gcc2_compiled.
823    LSYM   0      0      00000000 79     int:t(0,1)=r(0,1);-2147483648;2147483647;
824    LSYM   0      0      00000000 121    char:t(0,2)=r(0,2);0;127;
825    LSYM   0      0      00000000 147    long int:t(0,3)=r(0,3);-2147483648;2147483647;
826    LSYM   0      0      00000000 194    unsigned int:t(0,4)=r(0,4);0;4294967295;
827    LSYM   0      0      00000000 235    long unsigned int:t(0,5)=r(0,5);0;4294967295;
828    LSYM   0      0      00000000 281    __int128:t(0,6)=r(0,6);0;-1;
829    LSYM   0      0      00000000 310    __int128 unsigned:t(0,7)=r(0,7);0;-1;
830    LSYM   0      0      00000000 348    long long int:t(0,8)=r(0,8);-0;4294967295;
831    LSYM   0      0      00000000 391    long long unsigned int:t(0,9)=r(0,9);0;-1;
832    LSYM   0      0      00000000 434    short int:t(0,10)=r(0,10);-32768;32767;
833    LSYM   0      0      00000000 474    short unsigned int:t(0,11)=r(0,11);0;65535;
834    LSYM   0      0      00000000 518    signed char:t(0,12)=r(0,12);-128;127;
835    LSYM   0      0      00000000 556    unsigned char:t(0,13)=r(0,13);0;255;
836    LSYM   0      0      00000000 593    float:t(0,14)=r(0,1);4;0;
837    LSYM   0      0      00000000 619    double:t(0,15)=r(0,1);8;0;
838    LSYM   0      0      00000000 646    long double:t(0,16)=r(0,1);12;0;
839    LSYM   0      0      00000000 679    _Decimal32:t(0,17)=r(0,1);4;0;
840    LSYM   0      0      00000000 710    _Decimal64:t(0,18)=r(0,1);8;0;
841    LSYM   0      0      00000000 741    _Decimal128:t(0,19)=r(0,1);16;0;
842    LSYM   0      0      00000000 774    void:t(0,20)=(0,20)
843    EXCL   0      0      00000000 3908   ./inc/assert.h
844    EXCL   0      0      00000000 794    ./inc/stdio.h
845    EXCL   0      0      00000650 808    ./inc/stdarg.h
846    EXCL   0      0      00000000 3896   ./inc/x86.h
847    EXCL   0      0      000060d4 866    ./inc/types.h
848    EXCL   0      0      00000000 1274   ./kern/env.h
849    EXCL   0      0      00005e03 1287   ./inc/env.h
850    EXCL   0      0      0000af73 1299   ./inc/trap.h
851    EXCL   0      0      000008c7 1980   ./inc/memlayout.h
852    EXCL   0      0      000159c2 1998   ./inc/mmu.h
853    FUN    0      0      00100e30 7236   sched_halt:F(0,20)
854    SLINE  0      46     00000000 0      
855    SLINE  0      51     0000000e 0      
856    SLINE  0      52     00000013 0      
857    SLINE  0      51     0000001d 0      
858    SLINE  0      56     0000002a 0      
859    SLINE  0      57     0000002f 0      
860    SLINE  0      59     0000003f 0      
861    SLINE  0      63     0000004e 0      
862    SLINE  0      66     00000058 0      
863    SLINE  0      74     0000006a 0      
864    RSYM   0      0      00000002 4075   i:r(0,1)
865    LBRAC  0      0      00000000 0      
866    RBRAC  0      0      0000006c 0      
867    FUN    0      0      00100e9c 7255   sched_yield:F(0,20)
868    SLINE  0      13     00000000 0      
869    SLINE  0      30     00000005 0      
870    SLINE  0      31     0000000e 0      
871    SLINE  0      32     0000001d 0      
872    SLINE  0      33     0000004f 0      
873    SLINE  0      34     00000051 0      
874    SLINE  0      33     00000073 0      
875    SLINE  0      33     00000077 0      
876    SLINE  0      35     0000007f 0      
877    SLINE  0      36     0000008c 0      
878    SLINE  0      38     00000095 0      
879    SLINE  0      39     0000009a 0      
880    GSYM   0      0      00000000 7275   cpu_ts:G(10,2)
881    SO     0      0      00100f3d 0      
882    SO     0      2      00100f3d 7290   kern/kdebug.c
883    OPT    0      0      00000000 64     gcc2_compiled.
884    LSYM   0      0      00000000 79     int:t(0,1)=r(0,1);-2147483648;2147483647;
885    LSYM   0      0      00000000 121    char:t(0,2)=r(0,2);0;127;
886    LSYM   0      0      00000000 147    long int:t(0,3)=r(0,3);-2147483648;2147483647;
887    LSYM   0      0      00000000 194    unsigned int:t(0,4)=r(0,4);0;4294967295;
888    LSYM   0      0      00000000 235    long unsigned int:t(0,5)=r(0,5);0;4294967295;
889    LSYM   0      0      00000000 281    __int128:t(0,6)=r(0,6);0;-1;
890    LSYM   0      0      00000000 310    __int128 unsigned:t(0,7)=r(0,7);0;-1;
891    LSYM   0      0      00000000 348    long long int:t(0,8)=r(0,8);-0;4294967295;
892    LSYM   0      0      00000000 391    long long unsigned int:t(0,9)=r(0,9);0;-1;
893    LSYM   0      0      00000000 434    short int:t(0,10)=r(0,10);-32768;32767;
894    LSYM   0      0      00000000 474    short unsigned int:t(0,11)=r(0,11);0;65535;
895    LSYM   0      0      00000000 518    signed char:t(0,12)=r(0,12);-128;127;
896    LSYM   0      0      00000000 556    unsigned char:t(0,13)=r(0,13);0;255;
897    LSYM   0      0      00000000 593    float:t(0,14)=r(0,1);4;0;
898    LSYM   0      0      00000000 619    double:t(0,15)=r(0,1);8;0;
899    LSYM   0      0      00000000 646    long double:t(0,16)=r(0,1);12;0;
900    LSYM   0      0      00000000 679    _Decimal32:t(0,17)=r(0,1);4;0;
901    LSYM   0      0      00000000 710    _Decimal64:t(0,18)=r(0,1);8;0;
902    LSYM   0      0      00000000 741    _Decimal128:t(0,19)=r(0,1);16;0;
903    LSYM   0      0      00000000 774    void:t(0,20)=(0,20)
904    BINCL  0      0      00001ca6 7304   ./inc/stab.h
905    EXCL   0      0      000060d4 866    ./inc/types.h
906    LSYM   0      0      00000000 7317   Stab:T(1,1)=s12n_strx:(2,9),0,32;n_type:(2,5),32,8;n_other:(2,5),40,8;n_desc:(2,7),48,16;n_value:(2,13),64,32;;
907    EINCL  0      0      00000000 0      
908    EXCL   0      0      000008c7 1980   ./inc/memlayout.h
909    EXCL   0      0      000159c2 1998   ./inc/mmu.h
910    EXCL   0      0      00000000 3908   ./inc/assert.h
911    EXCL   0      0      00000000 794    ./inc/stdio.h
912    EXCL   0      0      00000650 808    ./inc/stdarg.h
913    EXCL   0      0      0000300f 4614   ./kern/kdebug.h
914    FUN    0      0      00100f3d 7429   stab_binsearch:f(0,20)
915    RSYM   0      0      00000000 7452   stabs:P(0,21)=*(1,1)
916    RSYM   0      0      00000002 7473   region_left:P(0,22)=*(0,1)
917    RSYM   0      0      00000001 7500   region_right:P(0,22)
918    PSYM   0      0      00000008 7521   type:p(0,1)
919    PSYM   0      0      0000000c 7533   addr:p(2,13)
920    SLINE  0      53     00000000 0      
921    SLINE  0      54     00000015 0      
922    SLINE  0      56     00000023 0      
923    SLINE  0      57     00000025 0      
924    SLINE  0      60     0000003e 0      
925    SLINE  0      61     00000040 0      
926    SLINE  0      60     00000043 0      
927    SLINE  0      60     00000047 0      
928    SLINE  0      63     00000054 0      
929    SLINE  0      64     00000057 0      
930    SLINE  0      69     00000059 0      
931    SLINE  0      70     00000068 0      
932    SLINE  0      71     0000006d 0      
933    SLINE  0      68     00000070 0      
934    SLINE  0      72     00000079 0      
935    SLINE  0      73     0000007e 0      
936    SLINE  0      68     00000089 0      
937    SLINE  0      78     00000092 0      
938    SLINE  0      80     00000097 0      
939    SLINE  0      68     0000009d 0      
940    SLINE  0      56     000000a4 0      
941    SLINE  0      84     000000ad 0      
942    SLINE  0      85     000000b3 0      
943    SLINE  0      88     000000c2 0      
944    SLINE  0      89     000000c7 0      
945    SLINE  0      88     000000d5 0      
946    SLINE  0      90     000000d7 0      
947    SLINE  0      88     000000da 0      
948    SLINE  0      89     000000de 0      
949    SLINE  0      92     000000e9 0      
950    SLINE  0      94     000000ee 0      
951    RSYM   0      0      00000007 7546   type:r(0,1)
952    FUN    0      0      00101033 7558   debuginfo_eip:F(0,1)
953    PSYM   0      0      00000008 7533   addr:p(2,13)
954    PSYM   0      0      0000000c 7579   info:p(0,23)=*(8,1)
955    SLINE  0      106    00000000 0      
956    SLINE  0      112    0000000f 0      
957    SLINE  0      113    00000015 0      
958    SLINE  0      114    0000001c 0      
959    SLINE  0      115    00000023 0      
960    SLINE  0      116    0000002a 0      
961    SLINE  0      117    0000002d 0      
962    SLINE  0      120    00000034 0      
963    SLINE  0      131    0000003c 0      
964    SLINE  0      127    0000004d 0      
965    SLINE  0      131    00000061 0      
966    SLINE  0      140    0000006e 0      
967    SLINE  0      141    00000075 0      
968    SLINE  0      142    0000008e 0      
969    SLINE  0      143    000000a4 0      
970    SLINE  0      148    000000b2 0      
971    SLINE  0      149    000000b5 0      
972    SLINE  0      150    000000bb 0      
973    SLINE  0      152    000000d1 0      
974    SLINE  0      155    000000de 0      
975    SLINE  0      156    00000102 0      
976    SLINE  0      157    0000010b 0      
977    SLINE  0      158    00000114 0      
978    SLINE  0      160    00000116 0      
979    SLINE  0      161    00000119 0      
980    SLINE  0      165    0000011e 0      
981    SLINE  0      166    00000121 0      
982    SLINE  0      167    00000127 0      
983    SLINE  0      170    0000012d 0      
984    SLINE  0      182    00000140 0      
985    SLINE  0      183    00000156 0      
986    SLINE  0      185    00000167 0      
987    SLINE  0      197    00000175 0      
988    SLINE  0      198    00000190 0      
989    SLINE  0      199    00000199 0      
990    SLINE  0      199    0000019e 0      
991    SLINE  0      201    000001a4 0      
992    SLINE  0      202    000001bc 0      
993    SLINE  0      207    000001c4 0      
994    SLINE  0      213    000001ca 0      
995    SLINE  0      207    000001cf 0      
996    SLINE  0      208    000001d3 0      
997    SLINE  0      211    000001e4 0      
998    SLINE  0      208    000001e8 0      
999    SLINE  0      209    000001ec 0      
1000   SLINE  0      213    000001fb 0      
1001   SLINE  0      132    00000202 0      
1002   SLINE  0      144    00000210 0      
1003   SLINE  0      189    00000217 0      
1004   SLINE  0      213    0000021e 0      
1005   SLINE  0      214    00000223 0      
1006   LSYM   0      0      fffffff4 7599   lfile:(0,1)
1007   LSYM   0      0      fffffff0 7611   rfile:(0,1)
1008   LSYM   0      0      ffffffec 7623   lfun:(0,1)
1009   LSYM   0      0      ffffffe8 7634   rfun:(0,1)
1010   LSYM   0      0      ffffffe4 7645   lline:(0,1)
1011   LSYM   0      0      ffffffe0 7657   rline:(0,1)
1012   RSYM   0      0      00000006 6757   addr:r(2,13)
1013   RSYM   0      0      00000003 7669   info:r(0,23)
1014   LBRAC  0      0      00000000 0      
1015   RBRAC  0      0      0000022b 0      
1016   FUN    0      0      0010125e 7682   find_function:F(2,13)
1017   PSYM   0      0      00000008 7704   fname:p(8,2)
1018   SLINE  0      218    00000000 0      
1019   SLINE  0      224    00000009 0      
1020   SLINE  0      225    00000013 0      
1021   SLINE  0      226    0000001d 0      
1022   SLINE  0      227    00000025 0      
1023   SLINE  0      228    00000032 0      
1024   SLINE  0      228    0000003f 0      
1025   SLINE  0      229    00000053 0      
1026   SLINE  0      225    00000058 0      
1027   SLINE  0      225    0000005b 0      
1028   SLINE  0      231    00000063 0      
1029   SLINE  0      232    00000068 0      
1030   RSYM   0      0      00000003 7717   stab:r(0,21)
1031   RSYM   0      0      00000006 7730   str:r(8,2)
1032   RSYM   0      0      00000007 7741   length:r(0,1)
1033   RSYM   0      0      00000000 7755   cmplen:r(0,1)
1034   LBRAC  0      0      00000000 0      
1035   RBRAC  0      0      00000070 0      
1036   SO     0      0      001012ce 0      
1037   SO     0      2      001012ce 7769   lib/printfmt.c
1038   OPT    0      0      00000000 64     gcc2_compiled.
1039   LSYM   0      0      00000000 79     int:t(0,1)=r(0,1);-2147483648;2147483647;
1040   LSYM   0      0      00000000 121    char:t(0,2)=r(0,2);0;127;
1041   LSYM   0      0      00000000 147    long int:t(0,3)=r(0,3);-2147483648;2147483647;
1042   LSYM   0      0      00000000 194    unsigned int:t(0,4)=r(0,4);0;4294967295;
1043   LSYM   0      0      00000000 235    long unsigned int:t(0,5)=r(0,5);0;4294967295;
1044   LSYM   0      0      00000000 281    __int128:t(0,6)=r(0,6);0;-1;
1045   LSYM   0      0      00000000 310    __int128 unsigned:t(0,7)=r(0,7);0;-1;
1046   LSYM   0      0      00000000 348    long long int:t(0,8)=r(0,8);-0;4294967295;
1047   LSYM   0      0      00000000 391    long long unsigned int:t(0,9)=r(0,9);0;-1;
1048   LSYM   0      0      00000000 434    short int:t(0,10)=r(0,10);-32768;32767;
1049   LSYM   0      0      00000000 474    short unsigned int:t(0,11)=r(0,11);0;65535;
1050   LSYM   0      0      00000000 518    signed char:t(0,12)=r(0,12);-128;127;
1051   LSYM   0      0      00000000 556    unsigned char:t(0,13)=r(0,13);0;255;
1052   LSYM   0      0      00000000 593    float:t(0,14)=r(0,1);4;0;
1053   LSYM   0      0      00000000 619    double:t(0,15)=r(0,1);8;0;
1054   LSYM   0      0      00000000 646    long double:t(0,16)=r(0,1);12;0;
1055   LSYM   0      0      00000000 679    _Decimal32:t(0,17)=r(0,1);4;0;
1056   LSYM   0      0      00000000 710    _Decimal64:t(0,18)=r(0,1);8;0;
1057   LSYM   0      0      00000000 741    _Decimal128:t(0,19)=r(0,1);16;0;
1058   LSYM   0      0      00000000 774    void:t(0,20)=(0,20)
1059   EXCL   0      0      000060d4 866    ./inc/types.h
1060   EXCL   0      0      00000000 794    ./inc/stdio.h
1061   EXCL   0      0      00000650 808    ./inc/stdarg.h
1062   EXCL   0      0      00001a2c 5259   ./inc/error.h
1063   LSYM   0      0      00000000 7784   sprintbuf:T(0,21)=s12buf:(3,2),0,32;ebuf:(3,2),32,32;cnt:(0,1),64,32;;
1064   FUN    0      0      001012ce 7855   printnum:f(0,20)
1065   RSYM   0      0      00000007 7872   putch:P(0,22)=*(0,23)=f(0,20)
1066   RSYM   0      0      00000006 7902   putdat:P(0,24)=*(0,20)
1067   PSYM   0      0      00000008 7925   num:p(0,9)
1068   PSYM   0      0      00000010 7936   base:p(0,4)
1069   PSYM   0      0      00000014 7948   width:p(0,1)
1070   PSYM   0      0      00000018 7961   padc:p(0,1)
1071   SLINE  0      38     00000000 0      
1072   SLINE  0      40     00000019 0      
1073   SLINE  0      41     00000030 0      
1074   SLINE  0      45     00000067 0      
1075   SLINE  0      44     00000078 0      
1076   SLINE  0      49     0000007f 0      
1077   SLINE  0      50     000000a4 0      
1078   FUN    0      0      0010137d 7973   getuint:f(0,9)
1079   RSYM   0      0      00000000 7988   ap:P(0,25)=*(3,1)
1080   RSYM   0      0      00000002 8006   lflag:P(0,1)
1081   SLINE  0      56     00000000 0      
1082   SLINE  0      57     00000003 0      
1083   SLINE  0      58     00000008 0      
1084   SLINE  0      59     00000016 0      
1085   SLINE  0      60     0000001a 0      
1086   SLINE  0      62     0000002a 0      
1087   SLINE  0      63     00000038 0      
1088   FUN    0      0      001013b7 8019   sprintputch:f(0,20)
1089   PSYM   0      0      00000008 7089   ch:p(0,1)
1090   PSYM   0      0      0000000c 8039   b:p(0,26)=*(0,21)
1091   SLINE  0      264    00000000 0      
1092   SLINE  0      265    00000006 0      
1093   SLINE  0      266    0000000a 0      
1094   SLINE  0      267    00000011 0      
1095   SLINE  0      268    0000001b 0      
1096   RSYM   0      0      00000000 8057   ch:r(0,1)
1097   RSYM   0      0      00000000 8067   b:r(0,26)
1098   FUN    0      0      001013d4 8077   printfmt:F(0,20)
1099   PSYM   0      0      00000008 8094   putch:p(0,22)
1100   PSYM   0      0      0000000c 8108   putdat:p(0,24)
1101   PSYM   0      0      00000010 8123   fmt:p(0,27)=*(0,2)
1102   SLINE  0      248    00000000 0      
1103   SLINE  0      251    00000006 0      
1104   SLINE  0      252    00000009 0      
1105   SLINE  0      254    00000018 0      
1106   FUN    0      0      001013f1 8142   vprintfmt:F(0,20)
1107   PSYM   0      0      00000008 8094   putch:p(0,22)
1108   PSYM   0      0      0000000c 8108   putdat:p(0,24)
1109   PSYM   0      0      00000010 8160   fmt:p(0,27)
1110   PSYM   0      0      00000014 7165   ap:p(3,1)
1111   SLINE  0      84     00000000 0      
1112   SLINE  0      93     00000014 0      
1113   SLINE  0      95     0000001c 0      
1114   SLINE  0      92     00000026 0      
1115   SLINE  0      105    00000052 0      
1116   SLINE  0      109    00000055 0      
1117   SLINE  0      105    00000059 0      
1118   SLINE  0      114    0000007d 0      
1119   SLINE  0      105    00000083 0      
1120   SLINE  0      128    0000008e 0      
1121   SLINE  0      129    00000095 0      
1122   SLINE  0      130    00000098 0      
1123   SLINE  0      127    000000a0 0      
1124   SLINE  0      132    000000a3 0      
1125   SLINE  0      136    000000a5 0      
1126   SLINE  0      105    000000b3 0      
1127   SLINE  0      137    000000b6 0      
1128   SLINE  0      105    000000c8 0      
1129   SLINE  0      145    000000d0 0      
1130   SLINE  0      146    000000d7 0      
1131   SLINE  0      149    000000df 0      
1132   SLINE  0      150    000000e9 0      
1133   SLINE  0      155    000000fb 0      
1134   SLINE  0      105    000000fe 0      
1135   SLINE  0      156    00000101 0      
1136   SLINE  0      160    00000106 0      
1137   SLINE  0      161    00000117 0      
1138   SLINE  0      105    0000011a 0      
1139   SLINE  0      161    0000011d 0      
1140   SLINE  0      165    00000122 0      
1141   SLINE  0      168    00000132 0      
1142   SLINE  0      168    00000137 0      
1143   SLINE  0      169    00000142 0      
1144   SLINE  0      105    00000152 0      
1145   SLINE  0      169    00000155 0      
1146   SLINE  0      171    0000015a 0      
1147   SLINE  0      105    0000016a 0      
1148   SLINE  0      176    00000172 0      
1149   SLINE  0      177    0000017d 0      
1150   SLINE  0      178    00000187 0      
1151   SLINE  0      179    0000019b 0      
1152   SLINE  0      180    000001b2 0      
1153   SLINE  0      179    000001be 0      
1154   SLINE  0      180    000001c0 0      
1155   SLINE  0      179    000001c9 0      
1156   SLINE  0      179    000001cf 0      
1157   SLINE  0      182    000001f2 0      
1158   SLINE  0      182    000001f8 0      
1159   SLINE  0      183    00000203 0      
1160   SLINE  0      185    00000213 0      
1161   SLINE  0      181    00000220 0      
1162   SLINE  0      181    0000023f 0      
1163   SLINE  0      181    0000024d 0      
1164   SLINE  0      181    00000251 0      
1165   SLINE  0      187    00000260 0      
1166   SLINE  0      186    00000268 0      
1167   SLINE  0      186    00000278 0      
1168   SLINE  0      105    0000027c 0      
1169   SLINE  0      70     00000284 0      
1170   SLINE  0      71     00000289 0      
1171   SLINE  0      72     0000029f 0      
1172   SLINE  0      73     000002a3 0      
1173   SLINE  0      75     000002bb 0      
1174   SLINE  0      192    000002d1 0      
1175   SLINE  0      197    000002d7 0      
1176   SLINE  0      193    000002dc 0      
1177   SLINE  0      194    000002e2 0      
1178   SLINE  0      195    000002ea 0      
1179   SLINE  0      197    000002fa 0      
1180   SLINE  0      202    00000301 0      
1181   SLINE  0      203    00000309 0      
1182   SLINE  0      204    0000030e 0      
1183   SLINE  0      209    00000310 0      
1184   SLINE  0      210    00000318 0      
1185   SLINE  0      211    0000031d 0      
1186   SLINE  0      216    0000031f 0      
1187   SLINE  0      217    00000327 0      
1188   SLINE  0      219    0000032f 0      
1189   SLINE  0      218    00000338 0      
1190   SLINE  0      221    0000033f 0      
1191   SLINE  0      220    00000342 0      
1192   SLINE  0      221    00000347 0      
1193   SLINE  0      225    00000349 0      
1194   SLINE  0      226    00000351 0      
1195   SLINE  0      228    00000356 0      
1196   SLINE  0      229    0000036d 0      
1197   SLINE  0      233    00000378 0      
1198   SLINE  0      234    0000037f 0      
1199   SLINE  0      105    00000382 0      
1200   SLINE  0      234    00000385 0      
1201   SLINE  0      238    0000038a 0      
1202   SLINE  0      239    00000392 0      
1203   SLINE  0      239    00000397 0      
1204   SLINE  0      239    0000039a 0      
1205   SLINE  0      244    000003a5 0      
1206   RSYM   0      0      00000000 8172   num:r(0,9)
1207   RSYM   0      0      00000001 8183   base:r(0,1)
1208   RSYM   0      0      00000002 8195   lflag:r(0,1)
1209   RSYM   0      0      00000006 8208   putch:r(0,22)
1210   RSYM   0      0      00000003 8222   putdat:r(0,24)
1211   RSYM   0      0      00000007 8237   fmt:r(0,27)
1212   LBRAC  0      0      00000000 0      
1213   RBRAC  0      0      000003ad 0      
1214   FUN    0      0      0010179e 8249   vsnprintf:F(0,1)
1215   PSYM   0      0      00000008 8266   buf:p(3,2)
1216   PSYM   0      0      0000000c 8277   n:p(0,1)
1217   PSYM   0      0      00000010 8160   fmt:p(0,27)
1218   PSYM   0      0      00000014 7165   ap:p(3,1)
1219   SLINE  0      272    00000000 0      
1220   SLINE  0      273    0000000c 0      
1221   SLINE  0      275    0000001d 0      
1222   SLINE  0      279    00000025 0      
1223   SLINE  0      282    00000039 0      
1224   SLINE  0      284    0000003f 0      
1225   SLINE  0      276    00000047 0      
1226   SLINE  0      285    0000004c 0      
1227   LSYM   0      0      ffffffec 8286   b:(0,21)
1228   RSYM   0      0      00000000 8295   buf:r(3,2)
1229   RSYM   0      0      00000002 8306   n:r(0,1)
1230   LBRAC  0      0      00000000 0      
1231   RBRAC  0      0      0000004e 0      
1232   FUN    0      0      001017ec 8315   snprintf:F(0,1)
1233   PSYM   0      0      00000008 8266   buf:p(3,2)
1234   PSYM   0      0      0000000c 8277   n:p(0,1)
1235   PSYM   0      0      00000010 8160   fmt:p(0,27)
1236   SLINE  0      289    00000000 0      
1237   SLINE  0      293    00000006 0      
1238   SLINE  0      294    00000009 0      
1239   SLINE  0      298    00000018 0      
1240   RSYM   0      0      00000000 8331   rc:r(0,1)
1241   LBRAC  0      0      00000000 0      
1242   RBRAC  0      0      0000001a 0      
1243   STSYM  0      0      001031e8 8341   error_string:S(0,28)=ar(0,29)=r(0,29);0;4294967295;;0;6;(0,27)
1244   SO     0      0      00101806 0      
1245   SO     0      2      00101806 8404   lib/readline.c
1246   OPT    0      0      00000000 64     gcc2_compiled.
1247   LSYM   0      0      00000000 79     int:t(0,1)=r(0,1);-2147483648;2147483647;
1248   LSYM   0      0      00000000 121    char:t(0,2)=r(0,2);0;127;
1249   LSYM   0      0      00000000 147    long int:t(0,3)=r(0,3);-2147483648;2147483647;
1250   LSYM   0      0      00000000 194    unsigned int:t(0,4)=r(0,4);0;4294967295;
1251   LSYM   0      0      00000000 235    long unsigned int:t(0,5)=r(0,5);0;4294967295;
1252   LSYM   0      0      00000000 281    __int128:t(0,6)=r(0,6);0;-1;
1253   LSYM   0      0      00000000 310    __int128 unsigned:t(0,7)=r(0,7);0;-1;
1254   LSYM   0      0      00000000 348    long long int:t(0,8)=r(0,8);-0;4294967295;
1255   LSYM   0      0      00000000 391    long long unsigned int:t(0,9)=r(0,9);0;-1;
1256   LSYM   0      0      00000000 434    short int:t(0,10)=r(0,10);-32768;32767;
1257   LSYM   0      0      00000000 474    short unsigned int:t(0,11)=r(0,11);0;65535;
1258   LSYM   0      0      00000000 518    signed char:t(0,12)=r(0,12);-128;127;
1259   LSYM   0      0      00000000 556    unsigned char:t(0,13)=r(0,13);0;255;
1260   LSYM   0      0      00000000 593    float:t(0,14)=r(0,1);4;0;
1261   LSYM   0      0      00000000 619    double:t(0,15)=r(0,1);8;0;
1262   LSYM   0      0      00000000 646    long double:t(0,16)=r(0,1);12;0;
1263   LSYM   0      0      00000000 679    _Decimal32:t(0,17)=r(0,1);4;0;
1264   LSYM   0      0      00000000 710    _Decimal64:t(0,18)=r(0,1);8;0;
1265   LSYM   0      0      00000000 741    _Decimal128:t(0,19)=r(0,1);16;0;
1266   LSYM   0      0      00000000 774    void:t(0,20)=(0,20)
1267   EXCL   0      0      00000000 794    ./inc/stdio.h
1268   EXCL   0      0      00000650 808    ./inc/stdarg.h
1269   EXCL   0      0      00001a2c 5259   ./inc/error.h
1270   FUN    0      0      00101806 8419   readline:F(2,2)
1271   PSYM   0      0      00000008 8435   prompt:p(0,21)=*(0,2)
1272   SLINE  0      9      00000000 0      
1273   SLINE  0      12     0000000c 0      
1274   SLINE  0      13     00000010 0      
1275   SLINE  0      16     00000021 0      
1276   SLINE  0      15     00000030 0      
1277   SLINE  0      18     00000035 0      
1278   SLINE  0      19     0000003c 0      
1279   SLINE  0      20     00000040 0      
1280   SLINE  0      21     0000004e 0      
1281   SLINE  0      22     00000058 0      
1282   SLINE  0      23     0000006c 0      
1283   SLINE  0      24     00000070 0      
1284   SLINE  0      25     0000007d 0      
1285   SLINE  0      26     00000082 0      
1286   SLINE  0      27     0000008f 0      
1287   SLINE  0      28     00000093 0      
1288   SLINE  0      29     0000009f 0      
1289   SLINE  0      30     000000aa 0      
1290   SLINE  0      31     000000b4 0      
1291   SLINE  0      32     000000b8 0      
1292   SLINE  0      33     000000c5 0      
1293   SLINE  0      34     000000cc 0      
1294   SLINE  0      37     000000d1 0      
1295   RSYM   0      0      00000003 3993   c:r(0,1)
1296   RSYM   0      0      00000007 8457   echoing:r(0,1)
1297   RSYM   0      0      00000000 8472   prompt:r(0,21)
1298   LBRAC  0      0      00000000 0      
1299   RBRAC  0      0      000000d9 0      
1300   LCSYM  0      0      0011e480 8487   buf:S(0,22)=ar(0,23)=r(0,23);0;4294967295;;0;1023;(0,2)
1301   SO     0      0      001018df 0      
1302   SO     0      2      001018df 8543   lib/string.c
1303   OPT    0      0      00000000 64     gcc2_compiled.
1304   LSYM   0      0      00000000 79     int:t(0,1)=r(0,1);-2147483648;2147483647;
1305   LSYM   0      0      00000000 121    char:t(0,2)=r(0,2);0;127;
1306   LSYM   0      0      00000000 147    long int:t(0,3)=r(0,3);-2147483648;2147483647;
1307   LSYM   0      0      00000000 194    unsigned int:t(0,4)=r(0,4);0;4294967295;
1308   LSYM   0      0      00000000 235    long unsigned int:t(0,5)=r(0,5);0;4294967295;
1309   LSYM   0      0      00000000 281    __int128:t(0,6)=r(0,6);0;-1;
1310   LSYM   0      0      00000000 310    __int128 unsigned:t(0,7)=r(0,7);0;-1;
1311   LSYM   0      0      00000000 348    long long int:t(0,8)=r(0,8);-0;4294967295;
1312   LSYM   0      0      00000000 391    long long unsigned int:t(0,9)=r(0,9);0;-1;
1313   LSYM   0      0      00000000 434    short int:t(0,10)=r(0,10);-32768;32767;
1314   LSYM   0      0      00000000 474    short unsigned int:t(0,11)=r(0,11);0;65535;
1315   LSYM   0      0      00000000 518    signed char:t(0,12)=r(0,12);-128;127;
1316   LSYM   0      0      00000000 556    unsigned char:t(0,13)=r(0,13);0;255;
1317   LSYM   0      0      00000000 593    float:t(0,14)=r(0,1);4;0;
1318   LSYM   0      0      00000000 619    double:t(0,15)=r(0,1);8;0;
1319   LSYM   0      0      00000000 646    long double:t(0,16)=r(0,1);12;0;
1320   LSYM   0      0      00000000 679    _Decimal32:t(0,17)=r(0,1);4;0;
1321   LSYM   0      0      00000000 710    _Decimal64:t(0,18)=r(0,1);8;0;
1322   LSYM   0      0      00000000 741    _Decimal128:t(0,19)=r(0,1);16;0;
1323   LSYM   0      0      00000000 774    void:t(0,20)=(0,20)
1324   EXCL   0      0      00000000 851    ./inc/string.h
1325   EXCL   0      0      000060d4 866    ./inc/types.h
1326   FUN    0      0      001018df 8556   strlen:F(0,1)
1327   PSYM   0      0      00000008 8570   s:p(0,21)=*(0,2)
1328   SLINE  0      13     00000000 0      
1329   SLINE  0      16     00000006 0      
1330   SLINE  0      17     0000000d 0      
1331   SLINE  0      16     00000010 0      
1332   SLINE  0      19     00000016 0      
1333   RSYM   0      0      00000000 8306   n:r(0,1)
1334   RSYM   0      0      00000002 8587   s:r(0,21)
1335   LBRAC  0      0      00000000 0      
1336   RBRAC  0      0      00000018 0      
1337   FUN    0      0      001018f7 8597   strnlen:F(0,1)
1338   PSYM   0      0      00000008 8612   s:p(0,21)
1339   PSYM   0      0      0000000c 6617   size:p(2,16)
1340   SLINE  0      23     00000000 0      
1341   SLINE  0      26     00000009 0      
1342   SLINE  0      27     00000010 0      
1343   SLINE  0      26     00000013 0      
1344   SLINE  0      26     00000017 0      
1345   SLINE  0      29     0000001f 0      
1346   RSYM   0      0      00000001 8587   s:r(0,21)
1347   FUN    0      0      00101918 8622   strcpy:F(0,22)=*(0,2)
1348   PSYM   0      0      00000008 8644   dst:p(0,22)
1349   PSYM   0      0      0000000c 8656   src:p(0,21)
1350   SLINE  0      33     00000000 0      
1351   SLINE  0      37     0000000a 0      
1352   SLINE  0      37     0000000c 0      
1353   SLINE  0      40     0000001d 0      
1354   RSYM   0      0      00000000 8668   dst:r(0,22)
1355   RSYM   0      0      00000001 8680   src:r(0,21)
1356   FUN    0      0      00101938 8692   strcat:F(0,22)
1357   PSYM   0      0      00000008 8644   dst:p(0,22)
1358   PSYM   0      0      0000000c 8656   src:p(0,21)
1359   SLINE  0      44     00000000 0      
1360   SLINE  0      45     00000007 0      
1361   SLINE  0      46     00000010 0      
1362   SLINE  0      48     0000001b 0      
1363   RSYM   0      0      00000000 8707   len:r(0,1)
1364   RSYM   0      0      00000003 8668   dst:r(0,22)
1365   LBRAC  0      0      00000000 0      
1366   RBRAC  0      0      00000022 0      
1367   FUN    0      0      0010195a 8718   strncpy:F(0,22)
1368   PSYM   0      0      00000008 8644   dst:p(0,22)
1369   PSYM   0      0      0000000c 8656   src:p(0,21)
1370   PSYM   0      0      00000010 6617   size:p(2,16)
1371   SLINE  0      51     00000000 0      
1372   SLINE  0      56     00000010 0      
1373   SLINE  0      57     00000014 0      
1374   SLINE  0      60     0000001d 0      
1375   SLINE  0      56     00000023 0      
1376   SLINE  0      63     00000027 0      
1377   RSYM   0      0      00000006 8668   dst:r(0,22)
1378   RSYM   0      0      00000001 8680   src:r(0,21)
1379   FUN    0      0      00101987 8734   strlcpy:F(2,16)
1380   PSYM   0      0      00000008 8644   dst:p(0,22)
1381   PSYM   0      0      0000000c 8656   src:p(0,21)
1382   PSYM   0      0      00000010 6617   size:p(2,16)
1383   SLINE  0      67     00000000 0      
1384   SLINE  0      71     00000010 0      
1385   SLINE  0      73     0000001c 0      
1386   SLINE  0      72     00000025 0      
1387   SLINE  0      72     00000029 0      
1388   SLINE  0      74     00000032 0      
1389   SLINE  0      76     00000035 0      
1390   SLINE  0      77     00000037 0      
1391   RSYM   0      0      00000006 8668   dst:r(0,22)
1392   RSYM   0      0      00000001 8680   src:r(0,21)
1393   RSYM   0      0      00000002 8750   size:r(2,16)
1394   FUN    0      0      001019c2 8763   strcmp:F(0,1)
1395   PSYM   0      0      00000008 8777   p:p(0,21)
1396   PSYM   0      0      0000000c 8787   q:p(0,21)
1397   SLINE  0      81     00000000 0      
1398   SLINE  0      82     00000009 0      
1399   SLINE  0      83     0000000b 0      
1400   SLINE  0      82     00000011 0      
1401   SLINE  0      82     00000018 0      
1402   SLINE  0      84     0000001c 0      
1403   SLINE  0      85     00000024 0      
1404   RSYM   0      0      00000001 8797   p:r(0,21)
1405   RSYM   0      0      00000002 8807   q:r(0,21)
1406   FUN    0      0      001019e8 8817   strncmp:F(0,1)
1407   PSYM   0      0      00000008 8777   p:p(0,21)
1408   PSYM   0      0      0000000c 8787   q:p(0,21)
1409   PSYM   0      0      00000010 8832   n:p(2,16)
1410   SLINE  0      89     00000000 0      
1411   SLINE  0      90     0000000f 0      
1412   SLINE  0      91     00000011 0      
1413   SLINE  0      90     00000017 0      
1414   SLINE  0      90     0000001b 0      
1415   SLINE  0      90     00000022 0      
1416   SLINE  0      95     00000026 0      
1417   SLINE  0      93     00000030 0      
1418   SLINE  0      96     00000035 0      
1419   RSYM   0      0      00000000 8797   p:r(0,21)
1420   RSYM   0      0      00000002 8807   q:r(0,21)
1421   FUN    0      0      00101a20 8842   strchr:F(0,22)
1422   PSYM   0      0      00000008 8612   s:p(0,21)
1423   PSYM   0      0      0000000c 4202   c:p(0,1)
1424   SLINE  0      102    00000000 0      
1425   SLINE  0      103    0000000a 0      
1426   SLINE  0      104    0000000c 0      
1427   SLINE  0      103    00000010 0      
1428   SLINE  0      103    00000013 0      
1429   SLINE  0      106    0000001a 0      
1430   SLINE  0      107    0000001f 0      
1431   RSYM   0      0      00000000 8587   s:r(0,21)
1432   RSYM   0      0      00000001 8857   c:r(0,2)
1433   FUN    0      0      00101a41 8866   strfind:F(0,22)
1434   PSYM   0      0      00000008 8612   s:p(0,21)
1435   PSYM   0      0      0000000c 4202   c:p(0,1)
1436   SLINE  0      113    00000000 0      
1437   SLINE  0      114    0000000a 0      
1438   SLINE  0      114    0000000f 0      
1439   SLINE  0      115    00000012 0      
1440   SLINE  0      118    0000001a 0      
1441   RSYM   0      0      00000000 8587   s:r(0,21)
1442   RSYM   0      0      00000001 8857   c:r(0,2)
1443   FUN    0      0      00101a5d 8882   memset:F(0,23)=*(0,20)
1444   PSYM   0      0      00000008 8905   v:p(0,23)
1445   PSYM   0      0      0000000c 4202   c:p(0,1)
1446   PSYM   0      0      00000010 8832   n:p(2,16)
1447   SLINE  0      123    00000000 0      
1448   SLINE  0      124    0000000c 0      
1449   SLINE  0      126    00000010 0      
1450   SLINE  0      126    00000018 0      
1451   SLINE  0      127    0000001d 0      
1452   SLINE  0      128    00000021 0      
1453   SLINE  0      129    00000034 0      
1454   SLINE  0      133    00000040 0      
1455   SLINE  0      137    00000046 0      
1456   RSYM   0      0      00000007 8915   v:r(0,23)
1457   RSYM   0      0      00000001 8925   n:r(2,16)
1458   FUN    0      0      00101aaa 8935   memmove:F(0,23)
1459   PSYM   0      0      00000008 8951   dst:p(0,23)
1460   PSYM   0      0      0000000c 8963   src:p(0,24)=*(0,20)
1461   PSYM   0      0      00000010 8832   n:p(2,16)
1462   SLINE  0      141    00000000 0      
1463   SLINE  0      147    0000000e 0      
1464   SLINE  0      147    00000012 0      
1465   SLINE  0      149    00000019 0      
1466   SLINE  0      150    0000001c 0      
1467   SLINE  0      150    00000028 0      
1468   SLINE  0      151    0000002d 0      
1469   SLINE  0      154    0000003b 0      
1470   SLINE  0      157    00000044 0      
1471   SLINE  0      159    00000047 0      
1472   SLINE  0      159    00000050 0      
1473   SLINE  0      160    00000055 0      
1474   SLINE  0      163    0000005f 0      
1475   SLINE  0      167    00000064 0      
1476   RSYM   0      0      00000007 8983   d:r(0,22)
1477   RSYM   0      0      00000000 8993   dst:r(0,23)
1478   RSYM   0      0      00000006 9005   src:r(0,24)
1479   RSYM   0      0      00000001 8925   n:r(2,16)
1480   LBRAC  0      0      00000000 0      
1481   RBRAC  0      0      00000068 0      
1482   FUN    0      0      00101b12 9017   memcpy:F(0,23)
1483   PSYM   0      0      00000008 8951   dst:p(0,23)
1484   PSYM   0      0      0000000c 9032   src:p(0,24)
1485   PSYM   0      0      00000010 8832   n:p(2,16)
1486   SLINE  0      208    00000000 0      
1487   SLINE  0      209    00000003 0      
1488   SLINE  0      210    00000011 0      
1489   FUN    0      0      00101b25 9044   memcmp:F(0,1)
1490   PSYM   0      0      00000008 9058   v1:p(0,24)
1491   PSYM   0      0      0000000c 9069   v2:p(0,24)
1492   PSYM   0      0      00000010 8832   n:p(2,16)
1493   SLINE  0      214    00000000 0      
1494   SLINE  0      218    00000010 0      
1495   SLINE  0      219    00000012 0      
1496   SLINE  0      220    0000001c 0      
1497   SLINE  0      221    00000026 0      
1498   SLINE  0      218    0000002c 0      
1499   SLINE  0      224    00000030 0      
1500   SLINE  0      225    00000035 0      
1501   RSYM   0      0      00000000 9080   v1:r(0,24)
1502   RSYM   0      0      00000002 9091   v2:r(0,24)
1503   FUN    0      0      00101b5e 9102   memfind:F(0,23)
1504   PSYM   0      0      00000008 9118   s:p(0,24)
1505   PSYM   0      0      0000000c 4202   c:p(0,1)
1506   PSYM   0      0      00000010 8832   n:p(2,16)
1507   SLINE  0      229    00000000 0      
1508   SLINE  0      230    00000007 0      
1509   SLINE  0      232    0000000c 0      
1510   SLINE  0      231    00000010 0      
1511   SLINE  0      232    00000012 0      
1512   SLINE  0      231    00000019 0      
1513   SLINE  0      231    0000001c 0      
1514   SLINE  0      235    00000020 0      
1515   RSYM   0      0      00000001 9128   ends:r(0,24)
1516   RSYM   0      0      00000000 9141   s:r(0,24)
1517   LBRAC  0      0      00000000 0      
1518   RBRAC  0      0      00000023 0      
1519   FUN    0      0      00101b81 9151   strtol:F(0,3)
1520   PSYM   0      0      00000008 8612   s:p(0,21)
1521   PSYM   0      0      0000000c 9165   endptr:p(0,25)=*(0,22)
1522   PSYM   0      0      00000010 9188   base:p(0,1)
1523   SLINE  0      239    00000000 0      
1524   SLINE  0      244    0000000c 0      
1525   SLINE  0      245    0000000e 0      
1526   SLINE  0      244    00000011 0      
1527   SLINE  0      248    0000001c 0      
1528   SLINE  0      249    00000020 0      
1529   SLINE  0      240    00000023 0      
1530   SLINE  0      250    0000002f 0      
1531   SLINE  0      251    00000033 0      
1532   SLINE  0      254    0000003b 0      
1533   SLINE  0      254    00000043 0      
1534   SLINE  0      254    00000048 0      
1535   SLINE  0      255    0000004e 0      
1536   SLINE  0      256    00000058 0      
1537   SLINE  0      259    0000005c 0      
1538   SLINE  0      256    00000061 0      
1539   SLINE  0      257    00000066 0      
1540   SLINE  0      259    0000006e 0      
1541   SLINE  0      265    00000076 0      
1542   SLINE  0      266    00000083 0      
1543   SLINE  0      267    0000008b 0      
1544   SLINE  0      268    00000095 0      
1545   SLINE  0      269    0000009d 0      
1546   SLINE  0      270    000000a7 0      
1547   SLINE  0      273    000000ad 0      
1548   SLINE  0      275    000000b2 0      
1549   SLINE  0      277    000000bb 0      
1550   SLINE  0      279    000000bd 0      
1551   SLINE  0      280    000000c3 0      
1552   SLINE  0      256    000000ca 0      
1553   SLINE  0      281    000000d0 0      
1554   SLINE  0      282    000000d9 0      
1555   RSYM   0      0      00000007 9200   neg:r(0,1)
1556   RSYM   0      0      00000000 9211   val:r(0,3)
1557   RSYM   0      0      00000001 8587   s:r(0,21)
1558   RSYM   0      0      00000003 8183   base:r(0,1)
1559   LBRAC  0      0      00000000 0      
1560   RSYM   0      0      00000002 9222   dig:r(0,1)
1561   LBRAC  0      0      00000076 0      
1562   RBRAC  0      0      000000bb 0      
1563   RBRAC  0      0      000000de 0      
1564   SO     0      0      00101c5f 0      
1565   SO     0      2      00101c5f 9233   kern/payload.c
1566   OPT    0      0      00000000 64     gcc2_compiled.
1567   LSYM   0      0      00000000 79     int:t(0,1)=r(0,1);-2147483648;2147483647;
1568   LSYM   0      0      00000000 121    char:t(0,2)=r(0,2);0;127;
1569   LSYM   0      0      00000000 147    long int:t(0,3)=r(0,3);-2147483648;2147483647;
1570   LSYM   0      0      00000000 194    unsigned int:t(0,4)=r(0,4);0;4294967295;
1571   LSYM   0      0      00000000 235    long unsigned int:t(0,5)=r(0,5);0;4294967295;
1572   LSYM   0      0      00000000 281    __int128:t(0,6)=r(0,6);0;-1;
1573   LSYM   0      0      00000000 310    __int128 unsigned:t(0,7)=r(0,7);0;-1;
1574   LSYM   0      0      00000000 348    long long int:t(0,8)=r(0,8);-0;4294967295;
1575   LSYM   0      0      00000000 391    long long unsigned int:t(0,9)=r(0,9);0;-1;
1576   LSYM   0      0      00000000 434    short int:t(0,10)=r(0,10);-32768;32767;
1577   LSYM   0      0      00000000 474    short unsigned int:t(0,11)=r(0,11);0;65535;
1578   LSYM   0      0      00000000 518    signed char:t(0,12)=r(0,12);-128;127;
1579   LSYM   0      0      00000000 556    unsigned char:t(0,13)=r(0,13);0;255;
1580   LSYM   0      0      00000000 593    float:t(0,14)=r(0,1);4;0;
1581   LSYM   0      0      00000000 619    double:t(0,15)=r(0,1);8;0;
1582   LSYM   0      0      00000000 646    long double:t(0,16)=r(0,1);12;0;
1583   LSYM   0      0      00000000 679    _Decimal32:t(0,17)=r(0,1);4;0;
1584   LSYM   0      0      00000000 710    _Decimal64:t(0,18)=r(0,1);8;0;
1585   LSYM   0      0      00000000 741    _Decimal128:t(0,19)=r(0,1);16;0;
1586   LSYM   0      0      00000000 774    void:t(0,20)=(0,20)
1587   EXCL   0      0      00000000 794    ./inc/stdio.h
1588   EXCL   0      0      00000650 808    ./inc/stdarg.h
1589   FUN    0      0      00101c5f 9248   o___7:F(0,20)
1590   PSYM   0      0      00000008 9262   l___267:p(2,2)
1591   SLINE  0      9      00000000 0      
1592   SLINE  0      9      0000000c 0      
1593   SLINE  0      9      00000047 0      
1594   SLINE  0      9      0000006c 0      
1595   SLINE  0      9      00000070 0      
1596   RSYM   0      0      00000001 9277   l___269:r(0,5)
1597   LSYM   0      0      fffffff6 9292   l___271:(0,21)=ar(0,22)=r(0,22);0;4294967295;;0;9;(0,13)
1598   RSYM   0      0      00000007 9349   l___272:r(0,5)
1599   RSYM   0      0      00000006 9364   l___267:r(2,2)
1600   LBRAC  0      0      00000000 0      
1601   RBRAC  0      0      0000007d 0      
1602   FUN    0      0      00101cdc 9379   msg_i$nit:F(0,20)
1603   SLINE  0      11     00000000 0      
1604   SLINE  0      11     00000003 0      
1605   FUN    0      0      00102696 9397   KR_HpwKlZR6Bf3E6YGBSY0eh9vq_Jj0_GSIglJ6G5L3uCL7SglcPE4tL6e1F83rpNvAO03l0Gct88CKt9YYI64XLB:F(0,20)
1606   PSYM   0      0      00000008 9495   a:p(0,4)
1607   SLINE  0      12     00000000 0      
1608   SLINE  0      12     0000000a 0      
1609   RSYM   0      0      00000003 9504   str:r(2,2)
1610   RSYM   0      0      00000003 9515   a:r(0,4)
1611   LBRAC  0      0      00000000 0      
1612   RBRAC  0      0      00000049 0      
1613   FUN    0      0      001026df 9524   Hb:F(0,20)
1614   SLINE  0      13     00000000 0      
1615   SLINE  0      13     00000006 0      
1616   FUN    0      0      001026f4 9535   HbgriA46ZjDS:F(0,20)
1617   SLINE  0      14     00000000 0      
1618   SLINE  0      14     00000006 0      
1619   FUN    0      0      00102709 9556   HbLTbvk_eiTRgriA46ZjDS:F(0,20)
1620   SLINE  0      15     00000000 0      
1621   SLINE  0      15     00000006 0      
1622   GSYM   0      0      00000000 9587   msg:G(0,23)=ar(0,22);0;6;(0,24)=ar(0,22);0;255;(0,2)
1623   SO     0      0      0010271e 0      

